  2450622.87548   17.098    0.024
  2450624.90204   16.904    0.017
  2450625.88948   16.942    0.022
  2450626.86101   17.041    0.021
  2450627.84723   17.205    0.025
  2450628.88832   17.138    0.022
  2450629.88612   16.975    0.021
  2450631.91707   17.172    0.025
  2450632.85757   17.088    0.020
  2450633.89300   17.178    0.028
  2450635.88786   16.995    0.018
  2450643.85687   17.239    0.028
  2450645.82860   16.961    0.018
  2450649.78371   17.035    0.022
  2450652.83091   17.137    0.025
  2450656.84406   17.093    0.021
  2450657.81632   17.129    0.024
  2450663.76289   17.158    0.022
  2450664.86780   16.838    0.020
  2450665.81509   17.009    0.027
  2450666.82565   17.067    0.024
  2450667.84487   17.161    0.025
  2450668.81569   17.073    0.021
  2450670.78127   16.937    0.021
  2450671.80331   17.096    0.018
  2450672.80886   17.190    0.025
  2450673.77624   17.152    0.022
  2450684.73662   16.901    0.018
  2450685.79148   17.040    0.018
  2450687.77410   17.113    0.024
  2450688.71614   17.196    0.020
  2450689.74329   16.871    0.021
  2450697.70942   17.136    0.022
  2450698.78053   17.110    0.020
  2450699.67957   16.847    0.015
  2450700.72034   17.016    0.018
  2450701.69257   17.057    0.020
  2450704.72055   16.934    0.021
  2450706.68621   17.143    0.024
  2450707.72377   17.162    0.027
  2450708.74792   17.122    0.025
  2450712.74847   17.234    0.021
  2450713.72983   17.013    0.024
  2450714.74481   16.936    0.021
  2450715.71037   17.025    0.024
  2450716.67845   17.154    0.022
  2450726.66107   17.110    0.020
  2450728.67178   17.115    0.020
  2450729.67391   16.805    0.017
  2450730.65829   16.993    0.021
  2450733.62478   17.140    0.028
  2450739.64474   16.807    0.017
  2450741.61054   17.120    0.018
  2450742.58678   17.111    0.027
  2450744.63390   16.892    0.018
  2450745.58484   16.997    0.025
  2450746.77564   17.130    0.022
  2450747.64611   17.190    0.022
  2450748.60784   17.085    0.024
  2450749.61323   16.852    0.018
  2450750.60707   17.004    0.020
  2450751.61548   17.142    0.025
  2450752.72990   17.130    0.024
  2450753.66553   16.936    0.022
  2450759.62337   16.963    0.022
  2450760.64905   17.028    0.018
  2450761.62509   17.163    0.028
  2450761.73035   17.220    0.029
  2450762.61647   17.162    0.028
  2450762.64603   17.202    0.027
  2450763.63269   17.007    0.021
  2450763.74344   16.856    0.021
  2450765.56476   17.044    0.027
  2450766.60220   17.069    0.029
  2450766.70509   17.128    0.029
  2450767.60974   17.185    0.024
  2450767.77198   16.980    0.028
  2450769.59258   16.966    0.025
  2450769.66629   16.969    0.020
  2450770.59870   17.045    0.028
  2450771.63177   17.191    0.020
  2450772.59362   17.161    0.022
  2450773.59872   17.063    0.022
  2450773.75093   16.921    0.021
  2450774.59172   16.879    0.027
  2450775.54962   17.041    0.021
  2450776.63053   17.101    0.021
  2450777.60479   17.208    0.022
  2450778.60819   16.883    0.018
  2450779.63507   16.967    0.020
  2450779.74539   17.044    0.022
  2450781.54926   17.138    0.027
  2450781.72760   17.164    0.024
  2450782.61265   17.124    0.027
  2450782.73863   17.021    0.021
  2450783.53182   17.100    0.018
  2450784.57374   16.875    0.020
  2450785.60061   17.073    0.027
  2450785.74619   17.189    0.027
  2450786.60428   17.110    0.021
  2450787.68473   17.119    0.025
  2450788.61756   16.844    0.021
  2450788.64311   16.830    0.017
  2450790.56625   17.017    0.025
  2450792.54422   17.160    0.027
  2450795.60890   17.121    0.028
  2450796.53780   17.173    0.034
  2450797.69796   17.040    0.025
  2450798.56060   16.835    0.020
  2450799.69855   17.100    0.021
  2450800.61354   17.106    0.022
  2450806.61111   17.127    0.032
  2450808.54251   16.833    0.022
  2450816.67350   17.216    0.028
  2450817.58359   17.110    0.018
  2450819.54638   17.003    0.021
  2450820.62268   17.102    0.025
  2450822.54325   17.176    0.031
  2450824.56904   17.003    0.029
  2450825.64217   17.135    0.031
  2450828.60234   16.844    0.018
  2450829.56894   17.026    0.020
  2450832.57584   17.020    0.022
  2450833.59571   16.932    0.022
  2450834.56531   17.044    0.027
  2450836.54345   17.199    0.031
  2450838.57641   16.894    0.031
  2450840.58617   17.191    0.027
  2450845.53790   17.072    0.021
  2450855.56604   17.109    0.028
  2450859.55385   17.034    0.027
  2450962.92227   17.187    0.029
  2450966.92176   17.176    0.021
  2450970.89815   17.113    0.021
  2450976.87879   17.203    0.034
  2450986.83314   17.136    0.031
  2450987.84678   17.130    0.028
  2450991.91480   17.175    0.025
  2450996.91873   17.199    0.025
  2450998.88983   16.969    0.022
  2451004.78841   16.969    0.025
  2451006.81702   17.117    0.027
  2451020.88649   17.126    0.029
  2451025.92427   17.172    0.031
  2451035.73920   17.127    0.024
  2451037.76840   17.145    0.025
  2451041.77657   17.271    0.042
  2451045.73828   17.152    0.024
  2451048.71947   16.804    0.020
  2451052.76233   17.007    0.022
  2451055.63563   17.045    0.021
  2451059.76557   17.057    0.029
  2451061.71835   17.172    0.028
  2451064.80223   17.026    0.031
  2451072.68377   17.087    0.024
  2451076.66156   17.233    0.029
  2451078.67211   16.841    0.021
  2451081.68466   17.161    0.035
  2451084.62284   17.003    0.024
  2451087.64273   17.038    0.029
  2451090.69912   17.137    0.027
  2451092.73122   16.832    0.018
  2451094.63792   17.050    0.027
  2451102.60809   17.123    0.029
  2451106.70294   17.177    0.025
  2451116.58053   17.205    0.035
  2451120.56910   17.137    0.028
  2451126.64444   17.224    0.028
  2451129.54291   17.005    0.027
  2451132.52596   17.065    0.027
  2451135.57603   17.128    0.027
  2451138.62572   17.001    0.018
  2451140.60315   17.173    0.020
  2451144.66069   17.137    0.031
  2451151.54029   17.203    0.031
  2451155.54190   17.174    0.029
  2451159.53735   17.057    0.031
  2451162.56975   16.863    0.022
  2451164.68332   17.122    0.024
  2451170.54173   17.135    0.028
  2451178.65178   17.050    0.029
  2451182.66368   16.965    0.027
  2451183.70203   17.112    0.031
  2451185.68518   17.113    0.025
  2451188.68452   17.123    0.024
  2451191.56826   17.047    0.035
  2451202.58335   16.876    0.021
  2451205.53479   17.199    0.020
  2451211.55525   16.979    0.024
  2451217.56589   17.021    0.025
  2451220.56837   17.059    0.021
  2451229.52109   17.148    0.031
  2451238.51738   17.176    0.038
