  2450622.87637   16.640    0.018
  2450624.90293   16.522    0.013
  2450625.89037   16.681    0.017
  2450626.86190   16.700    0.018
  2450627.84812   16.665    0.017
  2450628.88921   16.592    0.014
  2450629.88701   16.693    0.027
  2450631.91796   16.675    0.015
  2450633.89389   16.679    0.018
  2450635.88875   16.633    0.014
  2450643.85776   16.680    0.021
  2450645.82949   16.630    0.014
  2450649.78460   16.659    0.018
  2450652.83180   16.616    0.017
  2450656.84495   16.617    0.015
  2450657.81721   16.571    0.024
  2450663.76378   16.712    0.018
  2450664.86869   16.693    0.015
  2450666.82654   16.664    0.020
  2450667.84576   16.698    0.018
  2450668.81658   16.702    0.017
  2450670.78216   16.629    0.017
  2450671.80420   16.680    0.015
  2450672.80975   16.639    0.022
  2450673.77713   16.595    0.013
  2450684.73751   16.744    0.022
  2450685.79237   16.682    0.018
  2450687.77499   16.653    0.020
  2450688.71703   16.686    0.015
  2450689.74418   16.644    0.014
  2450697.71031   16.670    0.017
  2450698.78142   16.645    0.015
  2450699.68046   16.632    0.015
  2450700.72123   16.720    0.014
  2450701.69346   16.730    0.017
  2450704.72144   16.687    0.018
  2450706.68710   16.635    0.014
  2450707.72466   16.590    0.018
  2450708.74881   16.629    0.015
  2450712.74936   16.558    0.017
  2450713.73072   16.675    0.022
  2450714.74570   16.641    0.015
  2450715.71126   16.548    0.018
  2450716.67934   16.605    0.018
  2450726.66196   16.659    0.017
  2450728.67267   16.554    0.017
  2450729.67480   16.621    0.017
  2450730.65918   16.655    0.017
  2450733.62567   16.628    0.021
  2450739.64563   16.679    0.015
  2450741.61143   16.629    0.014
  2450742.58767   16.661    0.021
  2450744.63479   16.545    0.014
  2450745.58573   16.564    0.018
  2450746.77653   16.646    0.018
  2450747.64700   16.666    0.018
  2450748.60873   16.587    0.020
  2450749.61412   16.518    0.017
  2450750.60796   16.651    0.017
  2450751.61637   16.664    0.020
  2450752.73079   16.619    0.018
  2450753.66642   16.564    0.017
  2450759.62426   16.710    0.015
  2450760.64994   16.685    0.015
  2450761.62598   16.599    0.024
  2450761.73124   16.628    0.024
  2450762.61736   16.620    0.020
  2450762.64692   16.602    0.020
  2450763.63358   16.664    0.017
  2450763.74433   16.673    0.018
  2450765.56565   16.583    0.021
  2450766.60309   16.548    0.018
  2450766.70598   16.531    0.021
  2450767.61063   16.665    0.020
  2450767.77287   16.611    0.021
  2450769.59347   16.624    0.020
  2450769.66718   16.633    0.018
  2450770.59959   16.538    0.021
  2450771.63266   16.646    0.021
  2450772.59451   16.737    0.017
  2450773.59961   16.664    0.017
  2450773.75182   16.681    0.020
  2450774.59261   16.604    0.021
  2450775.55051   16.684    0.017
  2450776.63142   16.726    0.017
  2450777.60568   16.660    0.017
  2450778.60908   16.594    0.015
  2450779.63596   16.670    0.020
  2450779.74628   16.637    0.020
  2450781.55015   16.626    0.017
  2450781.72849   16.690    0.020
  2450782.61354   16.549    0.018
  2450782.73952   16.587    0.022
  2450783.53271   16.600    0.015
  2450784.57463   16.680    0.020
  2450785.60150   16.622    0.018
  2450785.74708   16.674    0.018
  2450786.60517   16.547    0.018
  2450787.68562   16.512    0.018
  2450788.61845   16.662    0.017
  2450788.64400   16.655    0.020
  2450790.56714   16.611    0.017
  2450792.54511   16.729    0.018
  2450795.60979   16.628    0.018
  2450796.53869   16.676    0.021
  2450797.69885   16.700    0.020
  2450798.56149   16.625    0.015
  2450799.69944   16.605    0.018
  2450800.61443   16.615    0.015
  2450806.61200   16.675    0.024
  2450808.54340   16.624    0.020
  2450816.67439   16.609    0.021
  2450817.58448   16.662    0.018
  2450819.54727   16.621    0.022
  2450820.62357   16.552    0.020
  2450822.54414   16.653    0.024
  2450824.56993   16.545    0.018
  2450825.64306   16.553    0.017
  2450828.60323   16.612    0.018
  2450829.56983   16.613    0.015
  2450832.57673   16.624    0.015
  2450833.59660   16.596    0.020
  2450834.56620   16.671    0.021
  2450836.54434   16.626    0.018
  2450838.57730   16.671    0.021
  2450840.58706   16.614    0.018
  2450845.53879   16.599    0.020
  2450855.56693   16.669    0.021
  2450859.55474   16.640    0.022
  2450962.92316   16.672    0.022
  2450966.92265   16.743    0.018
  2450970.89904   16.709    0.018
  2450976.87968   16.594    0.020
  2450986.83403   16.670    0.020
  2450987.84767   16.733    0.024
  2450991.91569   16.683    0.021
  2450996.91962   16.662    0.017
  2450998.89072   16.532    0.015
  2451004.78930   16.711    0.021
  2451006.81791   16.630    0.021
  2451025.92516   16.689    0.020
  2451035.74009   16.568    0.022
  2451037.76929   16.701    0.017
  2451045.73917   16.675    0.015
  2451048.72036   16.541    0.021
  2451052.76322   16.559    0.015
  2451055.63652   16.663    0.020
  2451059.76646   16.704    0.022
  2451061.71924   16.676    0.020
  2451064.80312   16.589    0.022
  2451068.70453   16.546    0.018
  2451072.68466   16.594    0.018
  2451076.66245   16.649    0.018
  2451078.67300   16.711    0.024
  2451081.68555   16.590    0.021
  2451084.62373   16.620    0.018
  2451087.64362   16.683    0.021
  2451090.70001   16.584    0.020
  2451092.73211   16.707    0.021
  2451094.63881   16.643    0.017
  2451102.60898   16.559    0.018
  2451106.70383   16.548    0.020
  2451116.58142   16.725    0.025
  2451120.56999   16.714    0.022
  2451126.64533   16.619    0.017
  2451129.54380   16.699    0.025
  2451132.52685   16.693    0.024
  2451135.57692   16.594    0.020
  2451138.62661   16.671    0.020
  2451140.60404   16.568    0.015
  2451151.54118   16.678    0.020
  2451155.54279   16.648    0.017
  2451159.53824   16.624    0.018
  2451162.57064   16.662    0.028
  2451164.68421   16.583    0.022
  2451170.54262   16.726    0.021
  2451178.65267   16.553    0.020
  2451182.66457   16.578    0.020
  2451183.70292   16.629    0.021
  2451185.68607   16.645    0.022
  2451188.68541   16.741    0.022
  2451191.56915   16.677    0.025
  2451202.58424   16.578    0.018
  2451205.53568   16.700    0.015
  2451211.55614   16.575    0.018
  2451220.56926   16.595    0.018
  2451229.52198   16.664    0.024
  2451238.51827   16.681    0.025
