  2450622.87661   17.581    0.031
  2450624.90317   17.649    0.029
  2450625.89061   17.566    0.025
  2450626.86214   17.571    0.032
  2450627.84836   17.682    0.035
  2450628.88945   17.448    0.021
  2450629.88725   17.588    0.034
  2450631.91820   17.523    0.029
  2450632.85870   17.645    0.036
  2450633.89413   17.626    0.028
  2450635.88899   17.640    0.025
  2450643.85800   17.650    0.038
  2450645.82973   17.494    0.028
  2450649.78484   17.601    0.034
  2450652.83204   17.631    0.032
  2450656.84519   17.543    0.025
  2450657.81745   17.694    0.039
  2450663.76402   17.611    0.038
  2450664.86893   17.397    0.021
  2450665.81622   17.750    0.042
  2450666.82678   17.569    0.035
  2450667.84600   17.439    0.027
  2450668.81682   17.658    0.028
  2450670.78240   17.686    0.041
  2450671.80444   17.587    0.027
  2450672.80999   17.380    0.028
  2450673.77737   17.709    0.029
  2450684.73775   17.625    0.038
  2450685.79261   17.529    0.028
  2450687.77523   17.661    0.027
  2450688.71727   17.436    0.022
  2450689.74442   17.609    0.029
  2450697.71055   17.614    0.028
  2450698.78166   17.698    0.031
  2450699.68070   17.513    0.027
  2450700.72147   17.660    0.028
  2450701.69370   17.582    0.027
  2450704.72168   17.606    0.036
  2450706.68734   17.659    0.034
  2450707.72490   17.504    0.036
  2450708.74905   17.666    0.046
  2450712.74960   17.636    0.032
  2450713.73096   17.429    0.028
  2450714.74594   17.673    0.036
  2450715.71150   17.545    0.035
  2450716.67958   17.627    0.028
  2450726.66220   17.482    0.031
  2450728.67291   17.660    0.034
  2450729.67504   17.435    0.028
  2450733.62591   17.626    0.034
  2450739.64587   17.627    0.029
  2450741.61167   17.679    0.032
  2450742.58791   17.524    0.032
  2450744.63503   17.698    0.036
  2450745.58597   17.457    0.028
  2450746.77677   17.361    0.025
  2450747.64724   17.689    0.036
  2450748.60897   17.506    0.034
  2450749.61436   17.712    0.041
  2450750.60820   17.610    0.036
  2450751.61661   17.450    0.031
  2450752.73103   17.684    0.035
  2450753.66666   17.553    0.038
  2450759.62450   17.394    0.025
  2450760.65018   17.583    0.042
  2450761.62622   17.559    0.039
  2450761.73148   17.617    0.045
  2450762.61760   17.429    0.035
  2450762.64716   17.427    0.029
  2450763.63382   17.701    0.035
  2450763.74457   17.626    0.041
  2450766.60333   17.621    0.039
  2450766.70622   17.672    0.049
  2450767.61087   17.469    0.036
  2450767.77311   17.522    0.043
  2450769.59371   17.575    0.038
  2450769.66742   17.666    0.027
  2450770.59983   17.460    0.034
  2450771.63290   17.658    0.043
  2450772.59475   17.545    0.028
  2450773.59985   17.491    0.027
  2450773.75206   17.544    0.038
  2450774.59285   17.645    0.041
  2450775.55075   17.428    0.022
  2450776.63166   17.585    0.034
  2450777.60592   17.667    0.034
  2450778.60932   17.485    0.035
  2450779.63620   17.661    0.028
  2450779.74652   17.411    0.031
  2450781.55039   17.544    0.034
  2450781.72873   17.507    0.039
  2450782.61378   17.706    0.042
  2450782.73976   17.611    0.042
  2450783.53295   17.498    0.036
  2450784.57487   17.594    0.029
  2450785.60174   17.656    0.039
  2450785.74732   17.633    0.038
  2450786.60541   17.520    0.031
  2450787.68586   17.430    0.032
  2450788.61869   17.562    0.038
  2450788.64424   17.687    0.031
  2450790.56738   17.628    0.032
  2450792.54535   17.507    0.027
  2450795.61003   17.506    0.031
  2450796.53893   17.562    0.038
  2450797.69909   17.573    0.035
  2450798.56173   17.649    0.035
  2450799.69968   17.654    0.038
  2450800.61467   17.406    0.024
  2450806.61224   17.465    0.041
  2450808.54364   17.381    0.034
  2450816.67463   17.622    0.032
  2450817.58472   17.583    0.028
  2450819.54751   17.491    0.035
  2450820.62381   17.632    0.042
  2450822.54438   17.462    0.035
  2450824.57017   17.542    0.035
  2450825.64330   17.360    0.031
  2450828.60347   17.490    0.032
  2450829.57007   17.668    0.031
  2450832.57697   17.648    0.034
  2450833.59684   17.455    0.035
  2450834.56644   17.711    0.052
  2450836.54458   17.546    0.035
  2450838.57754   17.447    0.036
  2450840.58730   17.605    0.043
  2450845.53903   17.593    0.036
  2450855.56717   17.470    0.041
  2450859.55498   17.606    0.038
  2450962.92340   17.672    0.052
  2450966.92289   17.478    0.027
  2450970.89928   17.631    0.035
  2450976.87992   17.642    0.042
  2450986.83427   17.712    0.045
  2450987.84791   17.658    0.039
  2450991.91593   17.427    0.027
  2450996.91986   17.514    0.029
  2450998.89096   17.634    0.035
  2451004.78954   17.439    0.035
  2451006.81815   17.676    0.043
  2451020.88762   17.602    0.035
  2451025.92540   17.645    0.039
  2451035.74033   17.605    0.038
  2451037.76953   17.353    0.032
  2451041.77770   17.638    0.055
  2451045.73941   17.423    0.031
  2451048.72060   17.430    0.032
  2451052.76346   17.669    0.028
  2451055.63676   17.550    0.032
  2451059.76670   17.414    0.041
  2451061.71948   17.527    0.025
  2451064.80336   17.503    0.045
  2451068.70477   17.694    0.036
  2451072.68490   17.495    0.028
  2451076.66269   17.637    0.038
  2451078.67324   17.488    0.036
  2451081.68579   17.516    0.035
  2451084.62397   17.617    0.035
  2451087.64386   17.665    0.035
  2451090.70025   17.597    0.032
  2451092.73235   17.471    0.034
  2451094.63905   17.474    0.031
  2451102.60922   17.483    0.031
  2451106.70407   17.616    0.025
  2451116.58166   17.428    0.038
  2451120.57023   17.718    0.052
  2451126.64557   17.630    0.042
  2451129.54404   17.473    0.043
  2451132.52709   17.406    0.035
  2451135.57716   17.464    0.038
  2451138.62685   17.449    0.027
  2451140.60428   17.509    0.031
  2451144.66182   17.529    0.049
  2451151.54142   17.486    0.035
  2451155.54303   17.649    0.035
  2451159.53848   17.497    0.042
  2451162.57088   17.485    0.042
  2451170.54286   17.494    0.032
  2451178.65291   17.711    0.053
  2451182.66481   17.403    0.029
  2451183.70316   17.640    0.049
  2451185.68631   17.408    0.032
  2451188.68565   17.427    0.038
  2451191.56939   17.545    0.055
  2451202.58448   17.599    0.039
  2451205.53592   17.583    0.025
  2451211.55638   17.627    0.038
  2451217.56702   17.459    0.034
  2451220.56950   17.460    0.029
  2451229.52222   17.520    0.046
  2451238.51851   17.460    0.050
