  2450466.55917   17.283    0.021
  2450466.57440   17.217    0.021
  2450466.60501   17.188    0.022
  2450466.63455   17.164    0.024
  2450467.55242   17.242    0.029
  2450467.58186   17.266    0.027
  2450467.61133   17.268    0.028
  2450467.64085   17.314    0.025
  2450469.56180   17.157    0.034
  2450469.60040   17.249    0.029
  2450469.63203   17.205    0.031
  2450471.61433   17.109    0.027
  2450471.62954   17.093    0.025
  2450472.57591   17.314    0.035
  2450472.59055   17.325    0.028
  2450622.89307   17.401    0.036
  2450624.91963   17.402    0.027
  2450625.90709   17.102    0.022
  2450626.87859   17.397    0.027
  2450627.86483   17.407    0.027
  2450628.90591   17.274    0.025
  2450629.90369   17.390    0.022
  2450632.87517   17.255    0.024
  2450633.91061   17.269    0.027
  2450635.90544   17.203    0.022
  2450643.87448   17.216    0.021
  2450645.84618   17.206    0.029
  2450649.80130   17.398    0.031
  2450656.86166   17.369    0.022
  2450657.83395   17.345    0.032
  2450664.88544   17.390    0.024
  2450665.83270   17.240    0.022
  2450666.84325   17.349    0.034
  2450667.86250   17.312    0.025
  2450668.83329   17.247    0.022
  2450670.79885   17.096    0.025
  2450671.82092   17.364    0.022
  2450672.82647   17.358    0.034
  2450673.79384   17.195    0.020
  2450684.75424   17.371    0.024
  2450685.80910   17.087    0.022
  2450686.71038   17.271    0.031
  2450687.79173   17.380    0.025
  2450688.73374   17.114    0.021
  2450689.76091   17.405    0.025
  2450697.72705   17.448    0.025
  2450698.79815   17.258    0.022
  2450699.69718   17.392    0.022
  2450700.73796   17.199    0.024
  2450701.71016   17.320    0.022
  2450704.73820   17.419    0.028
  2450707.74141   17.399    0.025
  2450708.76556   17.173    0.021
  2450712.76613   17.413    0.032
  2450713.74748   17.218    0.024
  2450714.76245   17.413    0.025
  2450715.72802   17.154    0.020
  2450716.69609   17.310    0.024
  2450726.69628   17.245    0.025
  2450728.68941   17.196    0.022
  2450729.69158   17.380    0.025
  2450730.67596   17.267    0.022
  2450733.64241   17.162    0.027
  2450739.66240   17.397    0.028
  2450741.62819   17.180    0.022
  2450742.60445   17.426    0.036
  2450744.65154   17.360    0.022
  2450745.60248   17.409    0.028
  2450746.79326   17.316    0.029
  2450747.66380   17.448    0.032
  2450748.62550   17.137    0.022
  2450749.63090   17.365    0.028
  2450750.62473   17.382    0.027
  2450751.63319   17.260    0.025
  2450752.74757   17.436    0.031
  2450753.68321   17.100    0.025
  2450759.64109   17.393    0.025
  2450760.66673   17.278    0.021
  2450761.64280   17.241    0.024
  2450761.74803   17.311    0.024
  2450762.63415   17.462    0.032
  2450763.65036   17.148    0.028
  2450765.58242   17.405    0.036
  2450766.61990   17.246    0.035
  2450766.72278   17.331    0.041
  2450767.62740   17.422    0.036
  2450767.76531   17.369    0.031
  2450769.61024   17.399    0.028
  2450769.68396   17.374    0.029
  2450770.61639   17.371    0.032
  2450771.64945   17.259    0.025
  2450772.61129   17.393    0.027
  2450773.61642   17.197    0.025
  2450773.76862   17.203    0.031
  2450774.60941   17.307    0.035
  2450775.56729   17.383    0.031
  2450776.64822   17.241    0.022
  2450777.62248   17.464    0.029
  2450778.62584   17.163    0.022
  2450779.65280   17.396    0.025
  2450779.76309   17.420    0.032
  2450780.65261   17.303    0.029
  2450781.56696   17.209    0.025
  2450781.74742   17.317    0.028
  2450782.63249   17.442    0.032
  2450783.54946   17.177    0.022
  2450784.59145   17.370    0.025
  2450785.61828   17.378    0.025
  2450785.76386   17.124    0.025
  2450786.62196   17.211    0.024
  2450787.70240   17.415    0.028
  2450788.63525   17.119    0.024
  2450788.66081   17.084    0.031
  2450790.58394   17.390    0.029
  2450792.56189   17.436    0.029
  2450795.62657   17.368    0.028
  2450796.55550   17.240    0.031
  2450797.71562   17.411    0.032
  2450798.57830   17.090    0.022
  2450799.71624   17.401    0.027
  2450800.63127   17.400    0.028
  2450806.62877   17.244    0.027
  2450816.69120   17.317    0.027
  2450817.60127   17.375    0.029
  2450819.56405   17.372    0.027
  2450820.64037   17.335    0.027
  2450822.56091   17.393    0.038
  2450824.58674   17.312    0.031
  2450825.65987   17.258    0.031
  2450828.62004   17.109    0.020
  2450829.58663   17.350    0.024
  2450832.59351   17.339    0.032
  2450833.61340   17.077    0.027
  2450834.58298   17.381    0.032
  2450836.56110   17.179    0.029
  2450838.59409   17.179    0.027
  2450840.60385   17.306    0.027
  2450845.55525   17.420    0.028
  2450850.57873   17.405    0.034
  2450859.57152   17.312    0.035
  2450866.53606   17.203    0.027
  2450962.93986   17.272    0.036
  2450966.93934   17.402    0.034
  2450970.91575   17.359    0.027
  2450976.89637   17.382    0.035
  2450986.85079   17.406    0.034
  2450987.86436   17.067    0.029
  2450991.93266   17.436    0.032
  2450996.93636   17.424    0.029
  2450998.90741   17.434    0.032
  2451004.80604   17.397    0.036
  2451006.83462   17.420    0.034
  2451020.90411   17.341    0.025
  2451035.75683   17.177    0.028
  2451037.78603   17.152    0.022
  2451041.79420   17.428    0.039
  2451045.75593   17.242    0.025
  2451052.78002   17.183    0.031
  2451055.65321   17.178    0.029
  2451059.78320   17.372    0.029
  2451061.73595   17.396    0.036
  2451064.81987   17.325    0.048
  2451068.72129   17.294    0.032
  2451072.70142   17.206    0.027
  2451076.67919   17.370    0.025
  2451078.68976   17.285    0.031
  2451081.70230   17.420    0.029
  2451084.64049   17.400    0.028
  2451087.66039   17.272    0.031
  2451090.71678   17.265    0.027
  2451092.74888   17.044    0.029
  2451094.65556   17.394    0.029
  2451116.59819   17.366    0.031
  2451120.58679   17.204    0.031
  2451126.66211   17.403    0.032
  2451129.56054   17.337    0.038
  2451132.54362   17.397    0.032
  2451135.59371   17.199    0.031
  2451138.64338   17.273    0.027
  2451140.62076   17.140    0.025
  2451144.67835   17.442    0.039
  2451151.55796   17.301    0.029
  2451155.55957   17.133    0.028
  2451159.55501   17.405    0.036
  2451162.58742   17.409    0.028
  2451164.70098   17.345    0.041
  2451170.55939   17.169    0.025
  2451178.66948   17.323    0.032
  2451182.68135   17.201    0.029
  2451183.71971   17.308    0.034
  2451185.70289   17.254    0.028
  2451188.70217   17.388    0.042
  2451191.58595   17.364    0.042
  2451202.60104   17.257    0.027
  2451205.55246   17.058    0.017
  2451211.57292   17.384    0.031
  2451217.58355   17.246    0.022
  2451220.58606   17.132    0.024
