  2450466.54377   17.408    0.029
  2450466.55287   17.409    0.027
  2450466.56811   17.415    0.028
  2450466.59870   17.434    0.025
  2450466.62824   17.430    0.024
  2450467.54609   17.512    0.035
  2450467.57557   17.490    0.034
  2450467.60505   17.502    0.032
  2450467.63454   17.436    0.028
  2450469.55546   17.384    0.039
  2450469.59408   17.408    0.029
  2450469.62574   17.447    0.029
  2450471.60800   17.287    0.032
  2450471.62325   17.254    0.025
  2450472.55494   17.407    0.032
  2450472.56961   17.404    0.028
  2450472.58424   17.449    0.032
  2450622.88644   17.237    0.031
  2450624.91302   17.409    0.025
  2450625.90046   17.284    0.025
  2450626.87197   17.422    0.027
  2450627.85820   17.463    0.029
  2450628.89928   17.279    0.024
  2450629.89708   17.460    0.024
  2450631.92804   17.332    0.027
  2450632.86856   17.413    0.027
  2450633.90400   17.455    0.028
  2450635.89884   17.442    0.025
  2450643.86785   17.264    0.025
  2450645.83955   17.531    0.028
  2450652.84188   17.260    0.032
  2450656.85504   17.385    0.022
  2450657.82730   17.498    0.031
  2450664.87882   17.259    0.022
  2450665.82607   17.360    0.035
  2450666.83663   17.470    0.025
  2450667.85586   17.293    0.025
  2450668.82669   17.355    0.022
  2450670.79225   17.470    0.028
  2450671.81429   17.307    0.022
  2450672.81983   17.464    0.024
  2450673.78721   17.468    0.027
  2450684.74759   17.422    0.025
  2450685.80245   17.503    0.028
  2450686.70373   17.192    0.021
  2450687.78508   17.439    0.025
  2450688.72710   17.464    0.021
  2450689.75426   17.194    0.021
  2450697.72041   17.462    0.025
  2450698.79152   17.173    0.021
  2450699.69053   17.360    0.020
  2450700.73131   17.451    0.022
  2450701.70355   17.425    0.024
  2450704.73153   17.397    0.025
  2450707.73476   17.430    0.031
  2450708.75892   17.324    0.024
  2450712.75947   17.473    0.028
  2450713.74084   17.449    0.025
  2450714.75580   17.311    0.022
  2450715.72136   17.477    0.028
  2450716.68944   17.502    0.025
  2450726.67205   17.166    0.020
  2450728.68276   17.497    0.025
  2450729.68492   17.170    0.021
  2450730.66928   17.435    0.022
  2450733.63576   17.391    0.022
  2450739.65571   17.370    0.028
  2450741.62152   17.395    0.020
  2450742.59778   17.304    0.028
  2450744.64489   17.381    0.028
  2450745.59581   17.329    0.025
  2450746.78661   17.453    0.028
  2450747.65713   17.351    0.025
  2450748.61889   17.325    0.031
  2450749.62424   17.520    0.032
  2450750.61809   17.449    0.028
  2450751.62651   17.316    0.027
  2450752.74090   17.479    0.034
  2450753.67654   17.377    0.028
  2450759.63441   17.440    0.025
  2450760.66008   17.309    0.021
  2450761.63611   17.509    0.027
  2450761.74136   17.483    0.032
  2450762.62748   17.420    0.032
  2450762.65704   17.424    0.032
  2450763.64371   17.263    0.025
  2450763.75446   17.348    0.027
  2450765.57577   17.516    0.036
  2450766.61325   17.265    0.036
  2450766.71611   17.345    0.035
  2450767.62074   17.426    0.035
  2450769.60357   17.258    0.021
  2450769.67731   17.313    0.031
  2450770.60971   17.456    0.034
  2450771.64278   17.455    0.038
  2450772.60461   17.290    0.025
  2450773.60974   17.471    0.024
  2450773.76194   17.536    0.041
  2450774.60272   17.468    0.035
  2450775.56064   17.314    0.024
  2450776.64156   17.452    0.032
  2450777.61581   17.453    0.035
  2450778.61918   17.261    0.025
  2450779.75641   17.520    0.031
  2450780.64594   17.528    0.031
  2450781.56025   17.289    0.025
  2450781.74074   17.309    0.041
  2450782.74964   17.471    0.032
  2450783.54280   17.517    0.031
  2450784.58480   17.309    0.028
  2450784.67678   17.322    0.029
  2450785.61162   17.415    0.028
  2450785.75721   17.495    0.031
  2450786.61530   17.509    0.028
  2450786.63219   17.501    0.025
  2450787.69575   17.338    0.028
  2450788.62856   17.397    0.028
  2450788.65413   17.421    0.024
  2450790.57727   17.289    0.027
  2450792.55523   17.537    0.034
  2450795.61991   17.477    0.029
  2450796.54882   17.310    0.029
  2450797.70897   17.415    0.029
  2450798.57162   17.525    0.027
  2450799.70958   17.294    0.025
  2450800.62461   17.416    0.029
  2450806.62212   17.375    0.035
  2450808.55354   17.352    0.029
  2450817.59462   17.350    0.025
  2450819.55739   17.449    0.027
  2450820.63369   17.285    0.028
  2450822.55427   17.472    0.035
  2450824.58009   17.325    0.031
  2450825.65320   17.512    0.036
  2450828.61334   17.477    0.025
  2450829.57997   17.505    0.027
  2450832.58686   17.510    0.039
  2450833.60675   17.305    0.029
  2450834.57633   17.436    0.035
  2450836.55446   17.213    0.039
  2450838.58745   17.465    0.029
  2450840.59720   17.461    0.036
  2450845.54876   17.188    0.025
  2450855.57706   17.420    0.043
  2450859.56487   17.446    0.035
  2450866.52942   17.451    0.032
  2450962.93325   17.310    0.029
  2450966.93274   17.415    0.027
  2450970.90912   17.555    0.035
  2450986.84414   17.471    0.034
  2450987.85775   17.325    0.034
  2450991.92578   17.448    0.035
  2450996.92973   17.373    0.024
  2450998.90081   17.417    0.031
  2451004.79939   17.518    0.036
  2451006.82798   17.405    0.029
  2451020.89746   17.214    0.029
  2451025.93525   17.507    0.031
  2451035.75020   17.472    0.027
  2451037.77940   17.467    0.031
  2451041.78755   17.511    0.028
  2451045.74926   17.240    0.027
  2451055.64660   17.343    0.028
  2451059.77656   17.458    0.038
  2451061.72932   17.434    0.028
  2451068.71463   17.521    0.031
  2451072.69479   17.439    0.024
  2451076.67255   17.281    0.029
  2451078.68310   17.485    0.041
  2451081.69564   17.471    0.032
  2451084.63382   17.483    0.034
  2451087.65372   17.458    0.031
  2451090.71009   17.446    0.038
  2451092.74222   17.499    0.038
  2451094.64889   17.198    0.028
  2451102.61907   17.473    0.031
  2451106.71393   17.280    0.028
  2451116.59153   17.312    0.032
  2451120.58012   17.529    0.035
  2451126.65545   17.546    0.029
  2451129.55389   17.439    0.039
  2451132.53698   17.399    0.029
  2451135.58704   17.471    0.028
  2451138.63671   17.462    0.028
  2451140.61412   17.308    0.022
  2451144.67170   17.449    0.041
  2451151.55129   17.558    0.035
  2451155.55290   17.262    0.024
  2451159.54834   17.393    0.031
  2451162.58074   17.405    0.031
  2451164.69431   17.297    0.035
  2451170.55275   17.201    0.031
  2451178.66280   17.461    0.042
  2451182.67470   17.163    0.025
  2451183.71305   17.474    0.038
  2451185.69620   17.183    0.024
  2451188.69552   17.222    0.032
  2451191.57927   17.423    0.039
  2451202.59438   17.484    0.027
  2451205.54580   17.476    0.025
  2451211.56629   17.466    0.031
  2451217.57691   17.473    0.027
  2451220.57940   17.492    0.032
  2451229.53212   17.371    0.029
  2451238.52841   17.345    0.038
