  2450622.87882   16.880    0.025
  2450624.90538   16.918    0.018
  2450625.89282   16.837    0.018
  2450626.86435   16.886    0.017
  2450627.85057   16.936    0.018
  2450628.89166   16.927    0.021
  2450629.88946   16.878    0.022
  2450631.92041   16.900    0.018
  2450632.86091   16.958    0.022
  2450633.89634   16.869    0.024
  2450635.89120   16.924    0.020
  2450643.86021   16.957    0.018
  2450645.83194   17.023    0.020
  2450649.78705   17.059    0.024
  2450652.83425   17.018    0.020
  2450656.84740   17.016    0.020
  2450657.81966   17.072    0.025
  2450663.76623   17.088    0.022
  2450664.87114   17.000    0.021
  2450665.81843   17.033    0.024
  2450666.82899   17.062    0.022
  2450667.84821   16.984    0.021
  2450668.81903   17.048    0.018
  2450670.78461   17.112    0.025
  2450671.80665   17.063    0.020
  2450672.81220   17.059    0.024
  2450673.77958   17.083    0.020
  2450684.73996   17.082    0.031
  2450685.79482   17.078    0.020
  2450687.77744   17.096    0.020
  2450688.71948   17.084    0.017
  2450689.74663   17.106    0.020
  2450697.71276   17.060    0.020
  2450698.78387   17.124    0.022
  2450699.68291   17.135    0.020
  2450700.72368   17.100    0.021
  2450701.69591   17.084    0.020
  2450704.72389   17.077    0.018
  2450706.68955   17.074    0.025
  2450707.72711   17.140    0.022
  2450708.75126   17.118    0.018
  2450712.75181   17.093    0.020
  2450713.73317   17.066    0.021
  2450714.74815   17.100    0.020
  2450715.71371   17.095    0.020
  2450716.68179   17.110    0.021
  2450726.66441   17.052    0.022
  2450728.67512   17.096    0.018
  2450729.67725   17.071    0.018
  2450730.66163   17.023    0.020
  2450733.62812   17.074    0.021
  2450739.64808   17.049    0.022
  2450741.61388   17.064    0.020
  2450742.59012   16.993    0.024
  2450744.63724   17.077    0.024
  2450745.58818   17.034    0.028
  2450746.77898   17.090    0.022
  2450747.64945   17.017    0.017
  2450748.61118   17.029    0.021
  2450749.61657   17.059    0.024
  2450750.61041   17.013    0.018
  2450751.61882   17.004    0.022
  2450752.73324   17.094    0.022
  2450753.66887   17.066    0.025
  2450759.62671   16.984    0.017
  2450760.65239   17.038    0.021
  2450761.62843   17.013    0.022
  2450761.73369   17.073    0.031
  2450762.61981   17.029    0.028
  2450762.64937   17.018    0.024
  2450763.63603   17.019    0.018
  2450763.74678   17.055    0.028
  2450765.56810   17.011    0.027
  2450766.60554   16.986    0.025
  2450766.70843   17.040    0.029
  2450767.61308   16.988    0.027
  2450767.77532   17.091    0.035
  2450769.59592   17.008    0.021
  2450769.66963   17.059    0.021
  2450770.60204   16.973    0.027
  2450771.63511   16.977    0.028
  2450772.59696   16.956    0.020
  2450773.60206   17.001    0.017
  2450773.75427   17.101    0.031
  2450774.59506   16.981    0.022
  2450775.55296   16.940    0.021
  2450776.63387   16.984    0.028
  2450777.60813   17.035    0.018
  2450778.61153   17.012    0.022
  2450779.63841   16.974    0.022
  2450779.74873   17.041    0.022
  2450781.55260   16.959    0.020
  2450781.73094   17.048    0.024
  2450782.61599   16.999    0.020
  2450782.74197   17.008    0.025
  2450783.53516   16.920    0.021
  2450784.57708   16.967    0.027
  2450785.60395   16.984    0.022
  2450785.74953   17.065    0.027
  2450786.60762   16.982    0.018
  2450787.68807   16.987    0.022
  2450788.62090   16.960    0.021
  2450788.64645   16.972    0.020
  2450790.56959   16.971    0.025
  2450792.54756   16.934    0.020
  2450795.61224   16.940    0.018
  2450796.54114   16.929    0.025
  2450797.70130   17.004    0.024
  2450798.56394   16.948    0.020
  2450799.70189   17.006    0.021
  2450800.61688   16.933    0.018
  2450806.61445   16.975    0.022
  2450808.54585   16.910    0.024
  2450816.67684   16.968    0.024
  2450817.58693   16.924    0.021
  2450819.54972   16.918    0.018
  2450820.62602   16.889    0.018
  2450822.54659   16.914    0.031
  2450824.57238   16.874    0.025
  2450825.64551   16.931    0.027
  2450828.60568   16.868    0.020
  2450829.57228   16.881    0.020
  2450832.57918   16.854    0.021
  2450833.59905   16.923    0.022
  2450834.56865   16.904    0.025
  2450836.54679   16.870    0.024
  2450838.57975   16.937    0.024
  2450840.58951   16.875    0.021
  2450845.54124   16.867    0.018
  2450855.56938   16.932    0.028
  2450859.55719   16.921    0.025
  2450962.92561   16.854    0.022
  2450966.92510   16.820    0.018
  2450970.90149   16.855    0.020
  2450976.88213   16.950    0.027
  2450986.83648   16.930    0.027
  2450987.85012   16.891    0.022
  2450991.91814   16.876    0.021
  2450996.92207   16.913    0.022
  2450998.89317   16.932    0.024
  2451004.79175   17.028    0.028
  2451006.82036   17.096    0.022
  2451020.88983   16.998    0.021
  2451025.92761   17.007    0.022
  2451035.74254   17.125    0.027
  2451037.77174   17.091    0.024
  2451041.77991   17.060    0.024
  2451045.74162   17.095    0.022
  2451048.72281   17.115    0.027
  2451052.76567   17.151    0.021
  2451055.63897   17.058    0.025
  2451059.76891   17.121    0.028
  2451061.72169   17.066    0.024
  2451064.80557   17.137    0.034
  2451068.70698   17.141    0.024
  2451072.68711   17.100    0.024
  2451076.66490   17.099    0.021
  2451078.67545   17.071    0.027
  2451081.68800   17.140    0.031
  2451084.62618   17.060    0.025
  2451087.64607   17.011    0.025
  2451090.70246   17.085    0.025
  2451092.73456   17.088    0.027
  2451094.64126   17.072    0.022
  2451102.61143   17.008    0.025
  2451106.70628   17.066    0.021
  2451116.58387   16.986    0.027
  2451120.57244   16.965    0.031
  2451126.64778   17.033    0.020
  2451129.54625   16.977    0.022
  2451132.52930   16.910    0.027
  2451135.57937   16.987    0.025
  2451138.62906   17.020    0.025
  2451140.60649   16.949    0.020
  2451144.66403   16.988    0.032
  2451151.54363   16.948    0.028
  2451155.54524   16.974    0.024
  2451159.54069   16.963    0.025
  2451162.57309   16.895    0.028
  2451164.68666   16.947    0.025
  2451170.54507   16.915    0.021
  2451178.65512   16.917    0.025
  2451182.66702   16.901    0.021
  2451183.70537   16.987    0.028
  2451185.68852   16.921    0.024
  2451188.68786   16.915    0.021
  2451191.57160   16.948    0.028
  2451202.58669   16.850    0.020
  2451205.53813   16.892    0.017
  2451211.55859   16.918    0.024
  2451217.56923   16.912    0.024
  2451220.57171   16.964    0.022
  2451229.52443   17.046    0.029
  2451238.52072   17.027    0.031
