  2450626.91550   17.363    0.021
  2450627.88119   17.119    0.021
  2450629.93882   17.219    0.027
  2450631.89664   17.145    0.021
  2450632.89140   17.402    0.021
  2450635.86733   17.050    0.020
  2450643.83665   17.111    0.018
  2450645.86282   17.032    0.021
  2450649.82550   17.267    0.031
  2450656.87802   17.366    0.021
  2450657.88190   17.201    0.025
  2450665.85764   17.322    0.028
  2450666.85972   17.221    0.018
  2450667.87874   17.317    0.027
  2450668.84954   17.250    0.022
  2450670.81520   17.226    0.022
  2450671.83764   17.351    0.018
  2450672.84261   17.175    0.021
  2450673.75566   17.420    0.022
  2450684.77058   17.005    0.021
  2450685.77110   17.409    0.022
  2450686.72718   17.054    0.020
  2450687.88847   17.395    0.028
  2450688.85636   17.094    0.017
  2450689.72291   17.374    0.022
  2450697.68876   17.216    0.021
  2450699.71482   17.273    0.020
  2450700.69991   17.379    0.021
  2450701.67158   17.192    0.022
  2450704.66611   17.417    0.027
  2450706.75899   17.314    0.028
  2450707.69506   17.202    0.021
  2450708.69254   17.420    0.032
  2450712.69287   17.447    0.024
  2450713.70709   17.151    0.021
  2450714.72366   17.400    0.024
  2450715.76449   17.220    0.022
  2450716.74704   17.407    0.024
  2450726.71418   17.439    0.021
  2450728.70728   17.406    0.018
  2450729.65164   17.008    0.018
  2450730.60302   17.309    0.029
  2450739.68484   17.118    0.024
  2450741.64839   17.298    0.035
  2450742.64222   17.280    0.022
  2450744.61072   17.214    0.021
  2450745.65061   17.338    0.018
  2450746.59541   17.234    0.018
  2450747.55321   17.424    0.031
  2450748.54986   17.132    0.022
  2450751.56062   17.448    0.034
  2450752.76439   17.400    0.027
  2450753.70415   17.336    0.022
  2450754.73568   17.346    0.028
  2450759.56199   17.414    0.022
  2450760.56632   17.124    0.024
  2450761.56158   17.441    0.028
  2450762.55958   17.006    0.022
  2450762.68981   17.189    0.029
  2450763.57854   17.439    0.039
  2450763.72278   17.363    0.025
  2450765.54194   17.420    0.032
  2450766.57885   17.043    0.027
  2450766.64540   17.148    0.029
  2450767.70692   17.389    0.042
  2450769.53816   17.387    0.025
  2450770.63446   17.020    0.021
  2450771.61065   17.455    0.028
  2450772.53870   17.127    0.024
  2450772.78656   17.264    0.024
  2450773.56128   17.346    0.024
  2450774.63114   17.037    0.027
  2450775.58401   17.363    0.022
  2450776.66497   17.070    0.028
  2450777.58192   17.365    0.029
  2450778.55505   17.182    0.022
  2450778.64659   17.014    0.024
  2450778.71277   17.096    0.028
  2450779.61443   17.388    0.029
  2450780.70833   17.152    0.024
  2450781.59080   17.337    0.024
  2450781.76415   17.413    0.032
  2450782.58846   17.095    0.025
  2450783.56818   17.311    0.024
  2450784.60781   17.066    0.022
  2450785.57865   17.339    0.028
  2450786.58339   17.220    0.021
  2450787.66376   17.384    0.028
  2450788.59540   17.168    0.027
  2450790.54538   17.409    0.032
  2450795.55716   17.209    0.021
  2450796.60676   17.295    0.028
  2450797.67721   17.345    0.024
  2450798.59470   17.372    0.027
  2450800.59257   17.364    0.025
  2450802.57308   17.409    0.029
  2450805.57913   17.204    0.021
  2450806.58991   17.378    0.028
  2450817.61737   17.107    0.032
  2450819.65848   17.220    0.031
  2450820.65745   17.426    0.031
  2450822.57739   17.436    0.034
  2450823.65471   17.140    0.021
  2450824.60281   17.473    0.036
  2450824.66564   17.413    0.038
  2450825.67601   17.144    0.031
  2450828.63606   17.389    0.029
  2450829.60264   17.002    0.024
  2450830.58315   17.444    0.031
  2450832.60956   17.444    0.029
  2450833.62970   17.082    0.024
  2450834.64390   17.411    0.031
  2450836.57725   17.397    0.034
  2450840.56583   17.306    0.029
  2450845.57150   17.267    0.021
  2450855.54563   17.401    0.042
  2450856.53348   17.177    0.032
  2450859.53315   17.430    0.029
  2450860.56547   17.202    0.039
  2450866.55275   17.170    0.029
  2450876.52134   17.035    0.036
  2450962.90204   17.309    0.039
  2450986.86835   17.430    0.028
  2450987.88062   17.120    0.029
  2450991.89451   17.071    0.022
  2450996.86071   17.375    0.031
  2450998.86795   17.442    0.027
  2451003.79908   17.217    0.028
  2451005.82453   17.153    0.029
  2451008.85769   17.332    0.035
  2451020.82056   17.265    0.027
  2451025.80020   17.448    0.027
  2451035.77510   17.437    0.034
  2451037.80232   17.384    0.027
  2451038.90136   17.180    0.027
  2451041.87178   17.401    0.029
  2451045.77290   17.396    0.027
  2451049.79332   17.362    0.029
  2451052.80367   17.019    0.024
  2451055.67341   17.229    0.028
  2451058.82521   17.065    0.027
  2451059.80409   17.334    0.031
  2451064.74724   17.357    0.034
  2451068.73907   17.368    0.031
  2451071.76709   17.239    0.027
  2451075.78418   17.180    0.021
  2451078.70597   17.451    0.043
  2451080.65200   17.376    0.021
  2451086.59482   17.323    0.029
  2451090.67797   17.350    0.038
  2451092.67802   17.384    0.036
  2451094.67417   17.391    0.027
  2451102.64278   17.288    0.035
  2451107.61112   17.394    0.027
  2451112.71729   17.265    0.032
  2451117.59270   17.420    0.034
  2451122.60427   17.031    0.029
  2451128.55286   17.072    0.027
  2451132.58322   17.047    0.025
  2451135.65192   17.439    0.027
  2451138.60470   17.087    0.021
  2451140.63709   17.021    0.021
  2451144.64008   17.106    0.028
  2451151.57458   17.278    0.025
  2451154.59411   17.337    0.029
  2451157.63454   17.263    0.036
  2451160.63136   17.351    0.034
  2451163.71329   17.288    0.025
  2451170.60929   17.430    0.028
  2451179.66811   17.203    0.029
  2451183.67696   17.158    0.032
  2451186.67081   17.435    0.024
  2451189.55935   17.126    0.027
  2451192.60397   17.430    0.034
  2451202.55054   17.299    0.025
  2451206.55415   17.243    0.028
  2451212.54567   17.187    0.025
  2451216.54958   17.244    0.025
  2451220.54791   17.092    0.024
  2451233.53114   17.419    0.035
