  2450622.87868   16.638    0.022
  2450624.90524   16.723    0.018
  2450625.89268   16.695    0.020
  2450626.86421   16.751    0.018
  2450627.85043   16.822    0.018
  2450628.89152   16.823    0.020
  2450629.88932   16.809    0.020
  2450631.92027   16.917    0.018
  2450632.86077   16.904    0.020
  2450633.89620   16.964    0.028
  2450635.89106   16.943    0.020
  2450643.86007   16.780    0.018
  2450645.83180   16.661    0.014
  2450649.78691   16.644    0.021
  2450652.83411   16.790    0.017
  2450656.84726   16.885    0.018
  2450657.81952   16.889    0.024
  2450663.76609   16.938    0.020
  2450664.87100   16.937    0.017
  2450665.81829   16.936    0.025
  2450666.82885   16.812    0.022
  2450667.84807   16.834    0.020
  2450668.81889   16.722    0.017
  2450670.78447   16.686    0.015
  2450671.80651   16.709    0.018
  2450672.81206   16.649    0.028
  2450673.77944   16.689    0.015
  2450684.73982   16.928    0.028
  2450685.79468   17.002    0.021
  2450687.77730   16.960    0.022
  2450688.71934   16.942    0.015
  2450689.74649   16.960    0.018
  2450697.71262   16.665    0.018
  2450698.78373   16.790    0.017
  2450699.68277   16.698    0.013
  2450700.72354   16.710    0.017
  2450701.69577   16.810    0.017
  2450704.72375   16.856    0.018
  2450706.68941   16.905    0.021
  2450707.72697   16.900    0.020
  2450708.75112   16.945    0.024
  2450712.75167   16.960    0.018
  2450713.73303   16.936    0.027
  2450714.74801   16.901    0.015
  2450715.71357   16.941    0.020
  2450716.68165   16.929    0.022
  2450726.66427   16.793    0.017
  2450728.67498   16.863    0.022
  2450729.67711   16.926    0.020
  2450730.66149   16.863    0.020
  2450733.62798   16.933    0.022
  2450739.64794   16.995    0.022
  2450741.61374   16.883    0.017
  2450742.58998   16.907    0.024
  2450744.63710   16.683    0.024
  2450745.58804   16.756    0.022
  2450746.77884   16.735    0.018
  2450747.64931   16.664    0.017
  2450748.61104   16.686    0.017
  2450749.61643   16.763    0.024
  2450750.61027   16.733    0.017
  2450751.61868   16.749    0.020
  2450752.73310   16.887    0.021
  2450753.66873   16.865    0.022
  2450759.62657   16.970    0.020
  2450760.65225   16.983    0.020
  2450761.62829   16.948    0.025
  2450761.73355   16.946    0.028
  2450762.61967   16.962    0.034
  2450762.64923   16.950    0.025
  2450763.63589   16.992    0.022
  2450763.74664   16.867    0.022
  2450765.56796   16.942    0.025
  2450766.60540   16.930    0.025
  2450766.70829   16.787    0.024
  2450767.61294   16.794    0.022
  2450767.77518   16.669    0.021
  2450769.59578   16.782    0.018
  2450769.66949   16.730    0.018
  2450770.60190   16.687    0.024
  2450771.63497   16.637    0.025
  2450772.59682   16.721    0.017
  2450773.60192   16.744    0.020
  2450773.75413   16.824    0.028
  2450774.59492   16.697    0.022
  2450775.55282   16.715    0.015
  2450776.63373   16.835    0.024
  2450777.60799   16.839    0.022
  2450778.61139   16.880    0.020
  2450779.63827   16.923    0.018
  2450779.74859   16.973    0.020
  2450781.55246   16.894    0.022
  2450782.61585   16.911    0.022
  2450782.74183   16.994    0.025
  2450783.53502   16.933    0.024
  2450784.57694   16.938    0.022
  2450785.60381   16.973    0.024
  2450785.74939   16.921    0.022
  2450786.60748   16.953    0.021
  2450787.68793   16.871    0.022
  2450788.62076   16.894    0.024
  2450788.64631   16.878    0.024
  2450790.56945   16.926    0.024
  2450792.54742   16.793    0.022
  2450795.61210   16.662    0.015
  2450796.54100   16.685    0.020
  2450797.70116   16.782    0.022
  2450798.56380   16.702    0.020
  2450799.70175   16.879    0.022
  2450800.61674   16.850    0.018
  2450806.61431   16.960    0.028
  2450808.54571   16.965    0.025
  2450816.67670   16.744    0.020
  2450817.58679   16.734    0.020
  2450819.54958   16.679    0.022
  2450820.62588   16.759    0.022
  2450822.54645   16.743    0.029
  2450824.57224   16.833    0.025
  2450825.64537   16.857    0.027
  2450828.60554   16.953    0.024
  2450829.57214   16.927    0.018
  2450832.57904   16.978    0.021
  2450833.59891   16.939    0.022
  2450834.56851   16.953    0.027
  2450836.54665   16.938    0.025
  2450838.57961   16.818    0.022
  2450840.58937   16.793    0.020
  2450845.54110   16.666    0.018
  2450855.56924   16.938    0.029
  2450859.55705   16.952    0.022
  2450962.92547   16.881    0.025
  2450966.92496   16.950    0.024
  2450970.90135   16.934    0.020
  2450976.88199   16.721    0.021
  2450986.83634   16.815    0.025
  2450987.84998   16.926    0.024
  2450991.91800   16.956    0.018
  2450996.92193   16.814    0.020
  2450998.89303   16.778    0.020
  2451004.79161   16.702    0.022
  2451006.82022   16.767    0.021
  2451020.88969   16.879    0.020
  2451025.92747   16.701    0.018
  2451035.74240   16.880    0.025
  2451037.77160   16.895    0.022
  2451041.77977   16.989    0.027
  2451045.74148   16.923    0.024
  2451048.72267   16.885    0.025
  2451052.76553   16.704    0.017
  2451055.63883   16.745    0.022
  2451059.76877   16.894    0.027
  2451061.72155   16.874    0.022
  2451064.80543   16.975    0.028
  2451068.70684   16.934    0.022
  2451072.68697   16.923    0.027
  2451076.66476   16.728    0.022
  2451078.67531   16.693    0.025
  2451081.68786   16.775    0.022
  2451084.62604   16.780    0.020
  2451087.64593   16.877    0.024
  2451090.70232   16.981    0.024
  2451092.73442   16.992    0.027
  2451094.64112   16.966    0.025
  2451102.61129   16.725    0.027
  2451106.70614   16.838    0.021
  2451116.58373   16.947    0.028
  2451120.57230   16.995    0.032
  2451126.64764   16.743    0.021
  2451129.54611   16.680    0.021
  2451132.52916   16.720    0.028
  2451135.57923   16.868    0.027
  2451138.62892   16.948    0.027
  2451140.60635   16.990    0.020
  2451144.66389   16.884    0.028
  2451151.54349   16.674    0.025
  2451155.54510   16.680    0.024
  2451159.54055   16.881    0.027
  2451162.57295   16.927    0.031
  2451164.68652   16.951    0.029
  2451170.54493   16.915    0.022
  2451178.65498   16.826    0.028
  2451182.66688   16.890    0.021
  2451183.70523   16.948    0.031
  2451185.68838   16.929    0.024
  2451188.68772   16.970    0.022
  2451191.57146   17.016    0.035
  2451202.58655   16.758    0.021
  2451205.53799   16.822    0.014
  2451211.55845   16.943    0.022
  2451217.56909   16.929    0.024
  2451220.57157   16.736    0.018
  2451229.52429   16.787    0.024
  2451238.52058   16.958    0.029
