  2450622.87883   17.388    0.035
  2450624.90539   17.546    0.025
  2450625.89283   17.295    0.021
  2450626.86436   17.571    0.032
  2450627.85058   17.370    0.025
  2450628.89167   17.485    0.024
  2450629.88947   17.509    0.028
  2450631.92042   17.550    0.029
  2450632.86092   17.371    0.025
  2450633.89635   17.504    0.028
  2450635.89121   17.285    0.024
  2450643.86022   17.506    0.028
  2450645.83195   17.332    0.022
  2450649.78706   17.337    0.031
  2450652.83426   17.268    0.024
  2450656.84741   17.506    0.025
  2450657.81967   17.269    0.028
  2450663.76624   17.578    0.034
  2450664.87115   17.453    0.025
  2450665.81844   17.284    0.028
  2450666.82900   17.488    0.028
  2450667.84822   17.285    0.021
  2450668.81904   17.492    0.024
  2450670.78462   17.505    0.032
  2450671.80666   17.497    0.020
  2450672.81221   17.280    0.025
  2450673.77959   17.567    0.028
  2450684.73997   17.419    0.036
  2450685.79483   17.459    0.025
  2450687.77745   17.314    0.022
  2450688.71949   17.533    0.021
  2450689.74664   17.361    0.021
  2450697.71277   17.279    0.021
  2450698.78388   17.519    0.024
  2450699.68292   17.241    0.018
  2450700.72369   17.471    0.024
  2450701.69592   17.419    0.022
  2450704.72390   17.314    0.021
  2450706.68956   17.388    0.029
  2450707.72712   17.189    0.024
  2450708.75127   17.534    0.029
  2450712.75182   17.193    0.021
  2450713.73318   17.543    0.027
  2450714.74816   17.329    0.020
  2450715.71372   17.493    0.027
  2450716.68180   17.414    0.024
  2450726.66442   17.458    0.028
  2450728.67513   17.555    0.028
  2450729.67726   17.323    0.021
  2450730.66164   17.524    0.025
  2450733.62813   17.501    0.031
  2450739.64809   17.305    0.029
  2450741.61389   17.382    0.018
  2450742.59013   17.482    0.027
  2450744.63725   17.287    0.024
  2450745.58819   17.500    0.032
  2450746.77899   17.553    0.027
  2450747.64946   17.425    0.027
  2450748.61119   17.500    0.029
  2450749.61658   17.207    0.024
  2450750.61042   17.540    0.022
  2450751.61883   17.335    0.027
  2450752.73325   17.276    0.024
  2450753.66888   17.484    0.028
  2450759.62672   17.205    0.021
  2450760.65240   17.484    0.022
  2450761.62844   17.366    0.024
  2450761.73370   17.436    0.038
  2450762.61982   17.523    0.034
  2450762.64938   17.370    0.029
  2450763.63604   17.504    0.031
  2450763.74679   17.543    0.039
  2450765.56811   17.560    0.036
  2450766.60555   17.339    0.029
  2450766.70844   17.434    0.043
  2450767.77533   17.288    0.035
  2450769.59593   17.217    0.024
  2450769.66964   17.246    0.022
  2450770.60205   17.564    0.036
  2450771.63512   17.433    0.035
  2450772.59697   17.525    0.031
  2450773.60207   17.510    0.024
  2450774.59507   17.293    0.032
  2450775.55297   17.583    0.028
  2450776.63388   17.391    0.028
  2450777.60814   17.522    0.027
  2450778.61154   17.548    0.031
  2450779.63842   17.253    0.025
  2450779.74874   17.325    0.029
  2450781.55261   17.362    0.028
  2450781.73095   17.507    0.032
  2450782.61600   17.512    0.028
  2450782.74198   17.249    0.028
  2450783.53517   17.450    0.024
  2450784.57709   17.388    0.024
  2450785.60396   17.555    0.027
  2450785.74954   17.437    0.032
  2450786.60763   17.386    0.024
  2450787.68808   17.347    0.027
  2450788.62091   17.497    0.029
  2450788.64646   17.508    0.032
  2450790.56960   17.499    0.029
  2450792.54757   17.504    0.032
  2450795.61225   17.530    0.028
  2450796.54115   17.333    0.031
  2450797.70131   17.316    0.027
  2450798.56395   17.433    0.022
  2450799.70190   17.352    0.024
  2450800.61689   17.514    0.032
  2450806.61446   17.343    0.036
  2450808.54586   17.426    0.035
  2450816.67685   17.414    0.028
  2450817.58694   17.470    0.024
  2450819.54973   17.253    0.021
  2450820.62603   17.500    0.032
  2450822.54660   17.478    0.036
  2450824.57239   17.221    0.031
  2450825.64552   17.468    0.041
  2450828.60569   17.516    0.039
  2450829.57229   17.272    0.024
  2450832.57919   17.485    0.029
  2450833.59906   17.552    0.038
  2450834.56866   17.321    0.039
  2450836.54680   17.385    0.035
  2450838.57976   17.502    0.036
  2450840.58952   17.549    0.036
  2450845.54125   17.509    0.028
  2450855.56939   17.531    0.043
  2450859.55720   17.298    0.031
  2450962.92562   17.520    0.034
  2450966.92511   17.474    0.028
  2450970.90150   17.303    0.025
  2450976.88214   17.538    0.041
  2450986.83649   17.576    0.042
  2450987.85013   17.423    0.032
  2450991.91815   17.500    0.027
  2450996.92208   17.489    0.029
  2450998.89318   17.339    0.029
  2451004.79176   17.444    0.032
  2451006.82037   17.477    0.029
  2451020.88984   17.336    0.024
  2451025.92762   17.353    0.028
  2451035.74255   17.328    0.034
  2451037.77175   17.355    0.028
  2451041.77992   17.574    0.038
  2451045.74163   17.450    0.025
  2451048.72282   17.560    0.035
  2451052.76568   17.398    0.025
  2451055.63898   17.466    0.035
  2451059.76892   17.571    0.041
  2451061.72170   17.512    0.034
  2451064.80558   17.575    0.046
  2451068.70699   17.480    0.038
  2451072.68712   17.208    0.022
  2451076.66491   17.458    0.027
  2451078.67546   17.507    0.039
  2451081.68801   17.481    0.036
  2451084.62619   17.328    0.028
  2451087.64608   17.273    0.031
  2451090.70247   17.382    0.028
  2451092.73457   17.257    0.034
  2451094.64127   17.392    0.032
  2451102.61144   17.366    0.034
  2451106.70629   17.591    0.025
  2451116.58388   17.410    0.038
  2451120.57245   17.464    0.042
  2451126.64779   17.449    0.029
  2451129.54626   17.183    0.029
  2451132.52931   17.489    0.043
  2451135.57938   17.535    0.036
  2451138.62907   17.538    0.031
  2451140.60650   17.529    0.025
  2451144.66404   17.388    0.041
  2451151.54364   17.418    0.034
  2451155.54525   17.570    0.035
  2451159.54070   17.363    0.035
  2451162.57310   17.446    0.034
  2451164.68667   17.426    0.034
  2451170.54508   17.518    0.038
  2451178.65513   17.495    0.042
  2451182.66703   17.318    0.032
  2451183.70538   17.523    0.039
  2451185.68853   17.397    0.036
  2451188.68787   17.473    0.032
  2451191.57161   17.355    0.046
  2451202.58670   17.268    0.025
  2451205.53814   17.568    0.022
  2451211.55860   17.470    0.032
  2451217.56924   17.465    0.027
  2451220.57172   17.540    0.035
  2451229.52444   17.307    0.036
  2451238.52073   17.493    0.049
