2450455.679810 15.23700 0.00800
2450456.685830 15.27400 0.01000
2450456.795370 15.47500 0.00900
2450457.587610 15.41600 0.00900
2450457.631520 15.32000 0.00900
2450457.690170 15.25100 0.00900
2450457.748770 15.24500 0.00900
2450457.807410 15.23800 0.00900
2450457.836880 15.22700 0.00900
2450458.663970 15.23300 0.00900
2450458.733070 15.24700 0.00900
2450459.581220 15.42000 0.00900
2450459.627350 15.53100 0.00900
2450459.685930 15.45400 0.00900
2450459.745360 15.32000 0.00900
2450459.789220 15.26300 0.00900
2450459.833020 15.25500 0.00900
2450461.592100 15.25300 0.00900
2450461.635880 15.30800 0.00900
2450461.694540 15.42400 0.00900
2450461.764080 15.49000 0.01000
2450461.822720 15.36400 0.01000
2450462.592650 15.26900 0.00800
2450462.651260 15.25500 0.00900
2450462.697230 15.24900 0.00900
2450465.699320 15.23600 0.00900
2450465.743770 15.24200 0.00900
2450465.828530 15.28000 0.00900
2450466.679790 15.50400 0.01000
2450466.746340 15.35100 0.00900
2450466.831340 15.25400 0.00800
2450467.683460 15.23500 0.00900
2450467.788050 15.23900 0.00900
2450467.854010 15.25600 0.00900
2450468.694370 15.39000 0.00900
2450468.760280 15.51300 0.00900
2450468.818900 15.41300 0.00900
2450468.855510 15.33800 0.00800
2450469.691040 15.24700 0.00900
2450469.769170 15.23800 0.00900
2450469.838150 15.22500 0.00900
2450470.769740 15.32600 0.01000
2450471.676880 15.31200 0.00900
2450471.813630 15.23800 0.01100
2450472.651520 15.22300 0.00800
2450472.695290 15.23100 0.00800
2450472.739110 15.23300 0.00900
2450472.805020 15.25100 0.00900
2450472.834520 15.26500 0.01000
2450473.719050 15.45600 0.01100
2450474.731080 15.22800 0.00900
2450475.565390 15.23600 0.00900
2450475.624150 15.25300 0.00900
2450475.690250 15.33800 0.01000
2450475.742420 15.45000 0.01000
2450476.776420 15.23500 0.01100
2450477.562140 15.23400 0.00900
2450477.613460 15.24000 0.00900
2450477.760900 15.29700 0.00900
2450477.841730 15.46100 0.01000
2450478.568290 15.48100 0.00900
2450478.788670 15.24000 0.00900
2450478.847630 15.24300 0.00900
2450479.567100 15.23300 0.00900
2450479.610950 15.23200 0.00900
2450479.730180 15.23600 0.00900
2450479.848580 15.25700 0.01000
2450480.603150 15.34100 0.00900
2450480.684320 15.52900 0.00900
2450480.777920 15.35400 0.00900
2450480.822020 15.28800 0.01000
2450481.588340 15.25100 0.00900
2450481.736730 15.23700 0.00900
2450481.780730 15.23200 0.00900
2450481.824630 15.23600 0.01000
2450482.737580 15.39500 0.00900
2450482.815480 15.49700 0.00900
2450483.603840 15.32700 0.01000
2450483.648290 15.27100 0.00900
2450483.692200 15.25700 0.00900
2450483.736120 15.24200 0.00900
2450483.780060 15.24100 0.00900
2450483.823980 15.23600 0.01100
2450484.602570 15.23000 0.00900
2450484.711230 15.25100 0.00900
2450484.755570 15.26400 0.00900
2450484.799570 15.32200 0.00900
2450485.606160 15.51400 0.00900
2450485.753090 15.26400 0.00900
2450485.797220 15.25000 0.00900
2450486.602670 15.22800 0.00900
2450486.689030 15.22900 0.01000
2450486.744770 15.23500 0.00900
2450486.789920 15.23500 0.00900
2450487.629710 15.36400 0.00800
2450487.677890 15.48700 0.00900
2450487.725750 15.53000 0.00900
2450487.769840 15.43400 0.00900
2450487.813990 15.32500 0.00900
2450488.615160 15.25300 0.00900
2450488.659080 15.24400 0.00800
2450488.727930 15.23800 0.01000
2450488.771940 15.23300 0.00900
2450488.815990 15.23700 0.01000
2450489.590860 15.24700 0.00800
2450489.679860 15.26300 0.00900
2450489.723810 15.32900 0.00900
2450489.767710 15.42100 0.00900
2450490.584110 15.41100 0.00800
2450490.721300 15.25600 0.00900
2450490.765370 15.24000 0.00900
2450490.809390 15.24100 0.00900
2450491.608660 15.23600 0.00800
2450491.660430 15.24600 0.00900
2450491.704610 15.25500 0.00900
2450491.817970 15.32500 0.00900
2450492.592780 15.45800 0.00900
2450492.667110 15.45900 0.01100
2450493.595830 15.24000 0.00800
2450493.640300 15.22800 0.00800
2450494.590560 15.27000 0.00900
2450494.634490 15.33000 0.00900
2450494.678670 15.43200 0.00900
2450494.723030 15.53300 0.00900
2450494.767980 15.47700 0.00600
2450495.593350 15.25700 0.00900
2450495.666980 15.24600 0.01000
2450495.720450 15.22500 0.01000
2450496.588680 15.24200 0.00900
2450496.633480 15.25000 0.01000
2450496.677560 15.26600 0.01000
2450496.722490 15.29700 0.01000
2450497.691520 15.25700 0.00900
2450498.587780 15.23700 0.00900
2450498.631840 15.22500 0.00800
2450498.745570 15.24600 0.00900
2450498.789520 15.27100 0.00900
2450499.582760 15.38900 0.00900
2450499.628450 15.49400 0.00900
2450499.768750 15.29100 0.01000
2450500.537430 15.26500 0.01000
2450500.581420 15.25500 0.01000
2450500.625440 15.24400 0.01100
2450500.670380 15.23200 0.01000
2450500.721480 15.23000 0.00900
2450500.765960 15.23900 0.01000
2450501.589640 15.27000 0.00900
2450501.708390 15.46700 0.01000
2450507.578090 15.24300 0.00900
2450507.623250 15.24600 0.01200
2450507.695060 15.22900 0.01100
2450509.573910 15.31000 0.00900
2450509.621040 15.25200 0.00900
2450509.673360 15.24500 0.01000
2450510.615540 15.22800 0.00900
2450510.661110 15.24300 0.00900
2450510.708690 15.25800 0.00900
2450511.700990 15.28300 0.01000
2450512.607740 15.22500 0.00900
2450512.655980 15.23000 0.01000
2450512.730320 15.23600 0.00800
2450513.587980 15.32400 0.01100
2450513.633550 15.41700 0.00800
2450513.725250 15.44600 0.00900
2450514.596210 15.23900 0.00800
2450514.665290 15.22700 0.00900
2450514.715640 15.22700 0.00900
2450514.762500 15.22400 0.00800
2450515.590340 15.24400 0.00800
2450515.645120 15.26200 0.00800
2450515.693350 15.32900 0.00900
2450516.596650 15.31200 0.01000
2450516.650850 15.24900 0.00900
2450516.697830 15.24000 0.00900
2450516.744350 15.23900 0.00900
2450517.594650 15.23000 0.00900
2450517.644470 15.23700 0.00900
2450517.694470 15.24600 0.00900
2450517.740630 15.25100 0.01000
2450518.632010 15.48600 0.01000
2450518.677250 15.37700 0.01000
2450518.726330 15.28600 0.01000
2450519.592600 15.23800 0.00900
2450519.639270 15.24800 0.01000
2450519.721670 15.23900 0.00900
2450520.733420 15.47300 0.01000
2450521.588940 15.26700 0.01000
2450521.634040 15.24500 0.01000
2450521.696840 15.23300 0.01100
2450523.598220 15.34700 0.01000
2450523.651170 15.25600 0.00900
2450523.701060 15.23900 0.01000
2450524.590690 15.23200 0.01000
2450524.640610 15.23800 0.01200
2450526.577580 15.23500 0.01100
2450527.702730 15.49000 0.01100
2450530.592900 15.39700 0.01200
2450531.590310 15.22400 0.01100
2450532.579780 15.42100 0.01100
2450533.596990 15.25100 0.01100
2450534.586220 15.25700 0.01000
2450534.630310 15.30600 0.01000
2450534.682080 15.40100 0.01300
2450535.570800 15.28400 0.00900
2450535.631050 15.25700 0.01000
2450536.549940 15.23400 0.00900
2450536.595090 15.24600 0.01000
2450536.645640 15.25600 0.01000
2450537.544530 15.51100 0.00900
2450537.644750 15.33500 0.00900
2450538.532550 15.24000 0.01000
2450538.584280 15.22700 0.00900
2450539.541140 15.31000 0.00900
2450539.652230 15.53400 0.00900
2450540.657960 15.24100 0.00900
2450541.551500 15.24600 0.00900
2450541.608560 15.25900 0.00900
2450542.540620 15.37100 0.00900
2450542.592480 15.28500 0.00900
2450542.639950 15.26000 0.00900
2450543.578880 15.23700 0.00900
2450543.659960 15.26300 0.00900
2450544.531600 15.46500 0.01000
2450544.575900 15.51100 0.01000
2450544.620190 15.41700 0.01000
2450544.665430 15.32400 0.00900
2450551.521360 15.39600 0.00900
2450552.532820 15.25100 0.00900
2450553.538170 15.26600 0.00900
2450554.514870 15.28800 0.00900
2450554.600330 15.25000 0.01000
2450555.521250 15.23600 0.01200
2450557.621790 15.23700 0.01000
2450558.568550 15.45700 0.01300
2450559.552390 15.25000 0.00900
2450560.530410 15.25600 0.01100
2450561.530440 15.29000 0.01000
2450562.531980 15.23300 0.01100
2450564.533200 15.22700 0.01000
2450565.538960 15.34500 0.00900
2450566.532950 15.25200 0.00800
2450567.534030 15.25900 0.00800
2450568.519290 15.34400 0.01000
2450569.529080 15.23800 0.00900
2450571.514920 15.24800 0.00900
2450572.545390 15.32300 0.00900
2450574.507470 15.25100 0.00900
2450575.506060 15.41800 0.01100
2450577.515000 15.46900 0.00900
2450578.528580 15.24300 0.00900
2450582.510730 15.44000 0.01000
2450583.513470 15.23500 0.01000
2450672.898970 15.30800 0.00800
2450689.882970 15.51100 0.00900
2450699.884210 15.24800 0.00800
2450701.849800 15.40000 0.01000
2450704.892350 15.23400 0.00900
2450706.873740 15.26000 0.01000
2450714.849580 15.22500 0.00800
2450716.805770 15.23300 0.00700
2450720.862090 15.28900 0.00800
2450728.800960 15.22000 0.00800
2450729.801000 15.37100 0.00900
2450730.756540 15.24500 0.00900
2450733.847540 15.22600 0.01000
2450741.850810 15.43300 0.00900
2450745.805630 15.24400 0.00800
2450747.854000 15.22600 0.00800
2450753.807850 15.35000 0.00800
2450766.816530 15.23600 0.01000
2450772.835680 15.26300 0.00800
2450775.817400 15.23300 0.00800
2450779.836060 15.28400 0.00800
2450787.812440 15.22900 0.00800
2450789.796460 15.23900 0.00800
2450790.806920 15.29000 0.00800
2450795.764560 15.36400 0.00900
2450796.836460 15.23900 0.00800
2450797.764260 15.25800 0.00800
2450798.736190 15.35700 0.00800
2450805.821070 15.26100 0.01000
2450816.792070 15.31200 0.00800
2450817.711320 15.32200 0.00800
2450819.810990 15.32400 0.00900
2450822.825190 15.23600 0.00800
2450824.854440 15.24700 0.00800
2450826.677920 15.42600 0.00900
2450829.780390 15.24300 0.00900
2450832.704760 15.22400 0.00800
2450836.803550 15.23200 0.00800
2450840.682920 15.35200 0.01000
2450843.683360 15.30400 0.00800
2450850.656960 15.38600 0.00900
2450854.694770 15.30100 0.00900
2450855.661670 15.26800 0.01000
2450856.627990 15.24300 0.01000
2450858.600530 15.23400 0.00900
2450864.750630 15.29400 0.01200
2450875.575870 15.23000 0.00700
2450880.561420 15.24900 0.00800
2450887.574810 15.24500 0.00800
2450892.703020 15.51300 0.00800
2450895.549150 15.47000 0.00900
2450898.556050 15.24700 0.00700
2450918.544280 15.27300 0.01100
2450922.623370 15.24400 0.00800
2450928.549290 15.45100 0.01100
2450933.580980 15.25700 0.00900
2450947.520630 15.39100 0.01100
2450952.514490 15.28300 0.00800
2451045.909140 15.25800 0.00900
2451051.889370 15.26700 0.00900
2451053.904830 15.24400 0.00800
2451054.920510 15.37900 0.00900
2451055.893010 15.23300 0.00900
2451059.905780 15.26600 0.00900
2451061.915520 15.43400 0.01100
2451069.862990 15.24800 0.00800
2451087.835110 15.50700 0.00900
2451091.837660 15.25900 0.00900
2451102.820030 15.24200 0.00700
2451106.875070 15.34600 0.00800
2451107.802840 15.23600 0.00800
2451113.815610 15.51800 0.00800
2451119.820350 15.23100 0.00800
2451128.828570 15.23600 0.00800
2451131.714160 15.22800 0.00900
2451132.766200 15.49500 0.00900
2451136.799480 15.25600 0.00800
2451138.825900 15.24000 0.00800
2451142.690600 15.30100 0.00700
2451144.759520 15.38400 0.00800
2451151.785390 15.36300 0.00800
2451155.784670 15.28000 0.00800
2451158.782170 15.42000 0.00800
2451161.760070 15.25000 0.00700
2451165.780820 15.46800 0.00800
2451169.775700 15.25400 0.00800
2451174.749490 15.28900 0.00800
2451179.766380 15.52600 0.00900
2451181.838450 15.43100 0.00900
2451186.792830 15.52700 0.00800
2451187.854080 15.22800 0.00800
2451192.699960 15.24000 0.00800
2451196.732880 15.31500 0.00900
2451201.741690 15.24800 0.01000
2451203.761520 15.30000 0.00900
2451207.618390 15.25100 0.00900
2451211.656150 15.24000 0.00900
2451214.657050 15.24500 0.00900
2451217.631860 15.43800 0.01000
2451220.636730 15.27700 0.00900
2451223.662960 15.21800 0.00900
2451225.603950 15.23900 0.00800
2451227.684390 15.25500 0.01000
2451231.580330 15.26200 0.00900
2451234.628580 15.32700 0.00900
2451236.636070 15.50100 0.01100
2451240.588510 15.23800 0.00900
2451242.690200 15.24400 0.00900
2451244.639830 15.23200 0.00900
2451247.570400 15.23400 0.01000
2451256.555110 15.23300 0.00900
2451260.580620 15.35100 0.00900
2451265.555570 15.26700 0.00900
2451274.518220 15.48700 0.01100
2451277.537750 15.25700 0.01000
2451281.550950 15.50100 0.01100
2451288.535980 15.45000 0.01000
2451290.603400 15.38100 0.01000
2451296.540740 15.23500 0.01000
2451298.578640 15.24900 0.01100
2451301.520380 15.23300 0.01000
2451305.566200 15.26000 0.01000
2451308.495750 15.24000 0.00900
2451313.542220 15.24200 0.01000
2451316.534070 15.29800 0.01000
2451319.510400 15.42600 0.00900
2451329.488930 15.24500 0.01000
2451332.471820 15.23300 0.01000
2451340.483640 15.47200 0.01100
2451412.868770 15.42700 0.01100
2451418.865990 15.25000 0.00900
2451431.848350 15.34100 0.00900
2451432.854360 15.23400 0.00900
2451435.830390 15.26800 0.01000
2451437.814330 15.24900 0.00900
2451440.861950 15.50800 0.01000
2451446.874000 15.24400 0.01000
2451447.899560 15.52800 0.01200
2451451.892280 15.25100 0.00900
2451455.862630 15.25400 0.01100
2451459.801310 15.45300 0.00900
2451462.805560 15.26600 0.01000
2451470.865950 15.26400 0.00900
2451475.778580 15.25700 0.00900
2451478.733940 15.44100 0.01000
2451481.707550 15.32100 0.00900
2451484.857020 15.24600 0.00800
2451487.736990 15.25400 0.00800
2451490.733800 15.50100 0.01000
2451492.726930 15.33000 0.00900
2451495.725420 15.33900 0.00900
2451499.683180 15.26800 0.01100
2451502.678460 15.50100 0.01000
2451505.719040 15.24100 0.00900
2451507.852460 15.23600 0.00900
2451510.828470 15.23900 0.00800
2451512.725230 15.24500 0.01000
2451514.836330 15.23900 0.00900
2451517.671780 15.23300 0.00800
2451519.745420 15.24000 0.00800
2451521.681150 15.36400 0.00900
2451523.801920 15.33800 0.01000
2451525.796280 15.48800 0.00900
2451527.725210 15.24500 0.00800
2451528.771580 15.24800 0.00800
2451529.792680 15.23600 0.00800
2451531.785790 15.22600 0.00900
2451538.742320 15.22600 0.00800
2451541.698420 15.22800 0.00800
2451542.728290 15.37400 0.00900
2451544.654330 15.30200 0.00800
2451547.781220 15.24100 0.00800
2451548.758840 15.23700 0.00800
2451549.753120 15.35900 0.00800
2451552.617820 15.27200 0.00800
2451554.744320 15.26800 0.00800
2451555.751030 15.23300 0.00800
2451562.753940 15.23800 0.00900
2451564.632540 15.24700 0.01000
2451567.725120 15.24300 0.00900
2451570.630420 15.30900 0.00800
2451574.741870 15.24700 0.00800
2451577.691550 15.39300 0.00900
2451580.727620 15.25100 0.00800
2451583.612980 15.24500 0.00900
2451586.628490 15.23800 0.00800
2451589.617800 15.39200 0.00900
2451592.609530 15.29700 0.00800
2451593.652330 15.24200 0.00900
2451595.655460 15.23700 0.00900
2451599.595150 15.37000 0.00800
2451601.673110 15.40300 0.01000
2451604.554660 15.27700 0.00900
2451606.589510 15.42300 0.00900
2451609.630880 15.23200 0.00900
2451610.616020 15.27400 0.00900
2451613.507060 15.45800 0.01000
2451615.538970 15.29700 0.00800
2451617.610380 15.26100 0.00800
2451619.593990 15.23500 0.00900
2451620.545210 15.50700 0.01000
2451622.495350 15.24600 0.01000
2451624.491890 15.23100 0.01000
2451626.492740 15.22900 0.00900
2451627.613830 15.50200 0.01100
2451629.492880 15.25000 0.01000
2451630.564330 15.25300 0.00900
2451632.510780 15.50600 0.00900
2451634.488530 15.29500 0.00900
2451643.480460 15.24200 0.01100
2451645.530640 15.25300 0.01400
2451646.479430 15.39900 0.01000
2451650.581130 15.25500 0.01300
2451654.517900 15.24500 0.00900
2451656.504080 15.27100 0.00900
2451659.511520 15.23500 0.00900
2451661.535500 15.25400 0.00900
2451663.560780 15.25000 0.00800
2451667.502430 15.33000 0.01000
2451670.524170 15.29400 0.00900
2451673.494600 15.23500 0.01000
2451681.464540 15.25400 0.01200
2451691.503400 15.44600 0.01000
