  627.92917 19.440 0.091
  628.93850 19.404 0.076
  629.88233 19.384 0.082
  632.93883 19.406 0.095
  635.93842 19.094 0.058
  643.90718 19.295 0.051
  645.91069 19.492 0.080
  649.87999 19.347 0.096
  656.92576 19.323 0.057
  657.86698 19.536 0.109
  664.82996 19.164 0.054
  664.91848 19.216 0.066
  665.90549 19.142 0.056
  666.91602 19.112 0.053
  667.92684 19.524 0.092
  668.89740 19.233 0.048
  670.86305 19.227 0.054
  671.88564 19.512 0.049
  673.74136 19.244 0.065
  684.81817 19.437 0.079
  685.75673 19.066 0.047
  686.79914 19.225 0.059
  688.90397 19.293 0.063
  689.79398 19.440 0.058
  697.75997 19.386 0.056
  698.90601 19.337 0.083
  699.76246 19.038 0.042
  700.77110 19.229 0.061
  701.74356 19.274 0.059
  704.71583 19.142 0.064
  706.73956 19.463 0.098
  707.77557 19.175 0.088
  708.74310 19.171 0.078
  712.74348 19.152 0.052
  713.78115 19.034 0.044
  714.79658 19.107 0.049
  716.73019 19.137 0.045
  720.70577 19.334 0.077
  722.67103 19.460 0.095
  726.76313 19.166 0.049
  728.66194 19.332 0.055
  729.72886 19.285 0.055
  730.65298 19.123 0.056
  733.71497 19.123 0.066
  736.72277 19.594 0.239
  739.77995 19.345 0.089
  741.70648 19.295 0.079
  742.79696 19.555 0.100
  744.74877 19.131 0.052
  745.70006 19.264 0.053
  747.63896 19.084 0.062
  748.60049 19.300 0.075
  749.60818 19.425 0.094
  750.60278 19.221 0.070
  751.60991 19.218 0.074
  752.81246 19.451 0.098
  753.75308 19.297 0.085
  754.71963 19.380 0.098
  755.60869 19.427 0.115
  759.61472 19.312 0.062
  760.62111 19.165 0.062
  761.61806 19.068 0.049
  762.60865 19.379 0.097
  762.74320 19.245 0.095
  763.62763 19.232 0.065
  763.70824 19.253 0.076
  763.79690 19.212 0.117
  764.71488 19.422 0.120
  765.65896 19.234 0.093
  766.55515 19.173 0.105
  766.69579 19.360 0.097
  767.60426 19.517 0.115
  767.66299 19.480 0.110
  767.75761 19.442 0.101
  769.58720 19.166 0.073
  770.57498 19.356 0.067
  771.58953 19.706 0.111
  772.58825 19.350 0.078
  772.76945 19.022 0.057
  773.65009 19.452 0.078
  775.63245 19.102 0.048
  776.62169 19.449 0.071
  776.77429 19.166 0.066
  777.56634 19.236 0.068
  778.60419 19.174 0.077
  778.69510 19.331 0.109
  779.58454 19.059 0.072
  779.73932 19.356 0.081
  780.58851 19.197 0.078
  780.75748 19.272 0.087
  781.63918 19.441 0.072
  782.57377 19.151 0.075
  782.67340 19.578 0.126
  783.61957 19.268 0.049
  784.66504 19.388 0.069
  785.56141 19.306 0.068
  786.56764 19.231 0.058
  787.64934 19.316 0.071
  788.57758 19.374 0.077
  790.61713 19.528 0.084
  795.60504 19.351 0.075
  796.59224 19.264 0.086
  796.71965 19.273 0.102
  797.57311 19.191 0.063
  798.64256 19.466 0.078
  800.57769 19.254 0.066
  802.66936 19.192 0.091
  806.57542 19.155 0.069
  808.59369 19.438 0.102
  816.66999 19.022 0.057
  817.66525 19.500 0.081
  819.64439 19.063 0.052
  822.63076 19.489 0.116
  824.65076 19.196 0.083
  825.63845 19.311 0.098
  828.68382 19.344 0.101
  829.65046 19.461 0.110
  830.56793 19.454 0.104
  832.65727 19.337 0.093
  834.55956 19.342 0.094
  836.62495 19.155 0.089
  838.64380 19.189 0.080
  840.63670 19.504 0.103
  842.64810 19.270 0.076
  843.63897 19.244 0.076
  845.62981 19.270 0.058
  850.61182 19.026 0.073
  855.61657 19.140 0.088
  856.58130 19.252 0.145
  858.54924 19.337 0.122
  860.55102 19.419 0.112
  867.54715 19.109 0.085
  874.54594 19.564 0.114
  963.92932 19.062 0.071
  986.91571 19.490 0.088
  987.92795 19.520 0.083
  996.91454 19.523 0.082
  998.84691 19.336 0.102
 1005.87321 19.390 0.094
 1008.90619 19.031 0.068
 1020.86944 19.113 0.061
 1025.85505 19.212 0.082
 1035.82278 19.425 0.071
 1037.84993 19.223 0.066
 1038.86805 19.235 0.082
 1041.85621 19.412 0.072
 1045.82057 19.387 0.068
 1049.84950 19.446 0.107
 1053.74079 19.358 0.052
 1058.80891 19.401 0.108
 1059.85446 19.418 0.091
 1061.84093 19.182 0.077
 1064.79742 19.353 0.112
 1069.71081 19.229 0.067
 1074.69200 19.460 0.084
 1077.68645 19.324 0.054
 1079.69672 19.334 0.076
 1081.73577 19.324 0.056
 1084.67467 19.283 0.066
 1087.69410 19.234 0.056
 1090.66209 19.280 0.086
 1092.72615 19.485 0.093
 1095.75239 19.235 0.073
 1102.69125 19.228 0.054
 1107.65945 19.252 0.053
 1112.70262 19.263 0.069
 1117.64114 19.021 0.048
 1122.65552 19.250 0.090
 1128.60563 19.278 0.079
 1132.63151 19.440 0.069
 1138.67664 19.215 0.056
 1140.68499 19.215 0.068
 1144.71162 19.058 0.065
 1151.62290 19.405 0.085
 1154.58006 19.401 0.075
 1160.61458 19.505 0.099
 1163.69299 19.158 0.091
 1164.73856 19.191 0.070
 1170.59353 19.254 0.060
 1178.71608 19.342 0.112
 1182.71452 19.354 0.085
 1185.65722 19.344 0.069
 1187.69377 19.458 0.096
 1190.56317 19.480 0.096
 1202.63877 19.241 0.084
 1208.60932 19.318 0.096
 1211.61174 19.164 0.079
 1216.59969 19.495 0.089
 1219.60408 19.268 0.086
 1235.54912 19.466 0.142
 1335.92176 19.179 0.082
 1355.94173 19.260 0.105
 1366.89789 19.415 0.086
 1367.91990 19.311 0.098
 1369.91283 19.541 0.097
 1374.90665 19.379 0.079
 1395.87293 19.134 0.066
 1397.89576 19.303 0.096
 1401.91011 19.521 0.079
 1402.90786 19.478 0.074
 1407.91825 19.203 0.061
 1412.81688 19.225 0.088
 1418.79084 19.488 0.081
 1430.85213 19.224 0.060
 1432.81336 19.406 0.062
 1435.73907 19.457 0.091
 1439.83684 19.027 0.043
 1442.80124 19.170 0.055
 1447.73019 19.444 0.106
 1451.72082 19.208 0.065
 1454.71912 19.142 0.085
 1458.72360 19.419 0.153
 1460.66325 19.064 0.066
 1462.68716 19.372 0.093
 1470.63843 19.450 0.079
 1475.68618 19.409 0.083
 1478.61248 19.445 0.106
 1481.62557 19.251 0.077
 1484.62724 19.540 0.087
 1487.58633 19.502 0.103
 1489.60973 19.137 0.053
 1491.67190 19.241 0.071
 1494.71985 19.325 0.083
 1495.57301 19.264 0.070
 1499.54514 19.478 0.129
 1502.63003 19.334 0.098
 1506.62509 19.294 0.099
 1509.60863 19.147 0.062
 1514.68495 19.105 0.069
 1517.60166 19.083 0.065
 1520.64448 19.259 0.079
 1522.67318 19.270 0.092
 1525.56882 19.430 0.092
 1528.66682 19.498 0.084
 1544.59959 19.253 0.063
 1546.65604 19.391 0.118
 1551.61802 19.371 0.088
 1555.59617 19.417 0.085
 1562.63037 19.068 0.092
 1568.60388 19.414 0.087
 1573.59884 19.400 0.104
 1579.58244 19.214 0.081
 1581.60969 19.099 0.056
 1584.59453 19.235 0.085
 1586.60565 19.437 0.082
 1588.57917 19.320 0.137
 1590.57627 19.550 0.103
 1597.57771 19.297 0.086
 1602.57490 19.301 0.099
 1607.56512 19.219 0.088
 1706.93511 19.195 0.081
 1738.90239 19.361 0.065
 1740.91007 19.250 0.130
 1745.92013 19.186 0.065
 1749.90068 19.253 0.048
 1750.90402 19.124 0.059
 1751.88453 19.199 0.062
 1752.87692 19.323 0.077
 1753.87772 19.370 0.080
 1754.87363 19.317 0.086
 1755.86992 19.325 0.119
 1756.89959 19.530 0.172
 1757.84867 19.354 0.098
 1758.85323 19.319 0.064
 1759.86632 19.217 0.058
 1761.88247 19.519 0.099
 1762.86491 19.357 0.083
 1763.87041 19.085 0.057
 1764.86014 19.000 0.043
 1765.85649 19.290 0.082
 1766.83026 19.386 0.091
 1768.84408 19.290 0.077
 1769.75921 19.338 0.078
 1773.82016 19.245 0.066
 1775.83171 19.534 0.081
 1777.76904 19.512 0.138
 1785.80876 19.186 0.044
 1788.84390 19.551 0.085
 1789.77658 19.335 0.045
 1803.88020 19.373 0.083
 1809.80395 19.173 0.045
 1812.77782 19.002 0.048
 1815.83425 19.434 0.078
 1821.73087 19.226 0.057
 1823.80011 19.374 0.058
 1829.72522 19.187 0.069
 1830.79223 19.193 0.088
 1864.73658 19.395 0.078
 1865.74262 19.197 0.061
 1873.71514 19.239 0.062
