2450446.720560 18.31100 0.03400
2450446.729160 18.30800 0.03800
2450446.737410 18.24400 0.03500
2450446.745720 18.30500 0.03400
2450446.753980 18.24200 0.03100
2450455.661320 18.22700 0.02500
2450455.737650 18.26600 0.02900
2450455.785220 18.23300 0.03000
2450456.605330 18.30600 0.03300
2450456.655080 18.28300 0.03700
2450456.725830 18.28800 0.03600
2450456.773260 18.25200 0.02700
2450456.824680 18.27700 0.03300
2450457.573010 18.79100 0.05200
2450457.616970 18.94000 0.05000
2450457.675600 18.62700 0.04100
2450457.734190 18.41400 0.03500
2450457.792830 18.28700 0.03400
2450458.649410 18.29100 0.03200
2450458.718480 18.39000 0.04100
2450459.566620 18.24100 0.03800
2450459.612790 18.32800 0.03700
2450459.671360 18.30000 0.03200
2450459.730780 18.27700 0.03000
2450459.774650 18.33400 0.03400
2450459.818460 18.28700 0.03200
2450461.577510 18.27000 0.03200
2450461.621300 18.26400 0.03200
2450461.679970 18.27400 0.03000
2450461.746100 18.28700 0.02900
2450461.808120 18.23800 0.03500
2450462.578060 18.90200 0.04600
2450462.636690 18.60400 0.03600
2450462.682660 18.40600 0.03200
2450465.681520 18.27700 0.04500
2450465.729200 18.23200 0.03900
2450465.813980 18.25700 0.03200
2450466.665220 18.25100 0.03500
2450466.731750 18.28600 0.03100
2450466.816750 18.21900 0.03500
2450467.668900 18.28500 0.03400
2450467.773480 18.28300 0.03200
2450467.839450 18.27700 0.03900
2450468.679810 18.54600 0.04500
2450468.745750 18.89200 0.05200
2450468.804360 18.70100 0.04100
2450468.840930 18.52900 0.03400
2450469.676490 18.27600 0.04100
2450469.754580 18.26500 0.03700
2450469.813490 18.34200 0.04300
2450470.751210 18.24900 0.04100
2450471.662280 18.25600 0.03500
2450471.799070 18.24000 0.04100
2450472.636950 18.29300 0.03300
2450472.680740 18.27600 0.03300
2450472.724540 18.31000 0.04500
2450472.790480 18.20600 0.03900
2450474.716460 18.25200 0.03600
2450475.550820 18.25700 0.03600
2450475.609620 18.25200 0.03500
2450475.675740 18.34800 0.04700
2450475.727870 18.23100 0.04300
2450476.761880 18.24300 0.03900
2450477.547580 18.44900 0.03600
2450477.598870 18.30700 0.03100
2450477.746350 18.23700 0.03100
2450477.827210 18.24500 0.03800
2450478.553730 18.42300 0.04000
2450478.774120 18.48100 0.03500
2450478.833060 18.30400 0.03400
2450479.552550 18.23700 0.03200
2450479.596440 18.24600 0.02900
2450479.744780 18.26000 0.03500
2450479.834060 18.60100 0.06200
2450480.588610 18.32700 0.03800
2450480.669760 18.26000 0.02800
2450480.763340 18.23500 0.03200
2450480.807470 18.30800 0.03600
2450481.573780 18.24000 0.03400
2450481.722160 18.21400 0.03000
2450481.766140 18.30000 0.04300
2450481.810090 18.25100 0.03600
2450482.723020 18.27000 0.03300
2450482.800930 18.22800 0.02900
2450483.589290 18.79400 0.05600
2450483.633760 18.97500 0.06200
2450483.677600 18.73800 0.05000
2450483.721590 18.45300 0.03900
2450483.765500 18.32400 0.03700
2450483.809420 18.28200 0.03900
2450484.587970 18.28700 0.03600
2450484.696650 18.28700 0.03300
2450484.741000 18.37900 0.03500
2450484.785020 18.55400 0.04300
2450485.591600 18.24800 0.03100
2450485.738550 18.29400 0.03300
2450485.782660 18.27600 0.03300
2450486.588130 18.25100 0.03600
2450486.633700 18.24700 0.03100
2450486.730200 18.24200 0.03600
2450486.775390 18.29200 0.03300
2450487.615090 18.31100 0.02800
2450487.663350 18.27200 0.02900
2450487.711180 18.28400 0.02800
2450487.755280 18.28300 0.03200
2450487.799440 18.30800 0.03600
2450488.600570 18.88300 0.04700
2450488.644530 18.62800 0.03600
2450488.713390 18.38700 0.03600
2450488.757380 18.31900 0.03500
2450488.801460 18.25500 0.03500
2450489.576320 18.25600 0.02900
2450489.665310 18.29600 0.02800
2450489.709200 18.42700 0.03600
2450489.753150 18.61600 0.03900
2450490.569550 18.23500 0.02400
2450490.706740 18.27200 0.03200
2450490.750850 18.24100 0.03300
2450490.794850 18.24500 0.03000
2450491.594050 18.24400 0.03100
2450491.645870 18.28900 0.03400
2450491.690010 18.24200 0.03000
2450491.803430 18.19900 0.03500
2450492.578240 18.31000 0.03700
2450492.652560 18.23300 0.03200
2450493.625760 18.53100 0.04000
2450494.576000 18.34300 0.03500
2450494.619920 18.36000 0.03400
2450494.664150 18.44900 0.04300
2450494.708480 18.61600 0.04300
2450494.753450 18.82500 0.05300
2450495.578800 18.25400 0.04200
2450495.652440 18.26600 0.04000
2450495.705920 18.38600 0.04900
2450496.574180 18.21000 0.03300
2450496.618970 18.26700 0.03900
2450496.663040 18.25900 0.04900
2450496.707950 18.23000 0.05100
2450498.573250 18.53400 0.03900
2450498.617290 18.38800 0.03300
2450498.731040 18.26500 0.03700
2450498.774980 18.21300 0.03700
2450499.568210 18.32400 0.03900
2450499.613920 18.38900 0.03900
2450499.754220 18.78200 0.06700
2450500.552030 18.20900 0.05800
2450500.610920 18.25200 0.04700
2450500.655820 18.32000 0.04500
2450500.706960 18.26200 0.04500
2450500.751430 18.22700 0.05700
2450501.575110 18.30300 0.04100
2450501.693850 18.29900 0.05400
2450507.563550 18.26700 0.02900
2450507.608720 18.26100 0.04400
2450507.680540 18.34000 0.05800
2450509.559370 18.49500 0.04500
2450509.606470 18.75000 0.05500
2450509.658800 18.92100 0.07200
2450510.601030 18.28000 0.03600
2450510.646600 18.26400 0.04000
2450510.694170 18.26800 0.04200
2450511.686480 18.23700 0.04600
2450512.593160 18.26400 0.03000
2450512.641470 18.34500 0.06000
2450512.715800 18.24100 0.03200
2450513.573440 18.26500 0.03100
2450513.619010 18.27600 0.03200
2450513.710720 18.24500 0.03000
2450514.581670 18.86400 0.05000
2450514.650770 18.77400 0.05500
2450514.701100 18.51100 0.04300
2450514.747980 18.34600 0.03500
2450515.575830 18.30100 0.03100
2450515.630570 18.23600 0.03200
2450515.678820 18.26900 0.03300
2450516.582130 18.29000 0.04400
2450516.636350 18.28900 0.03900
2450516.683320 18.28500 0.03800
2450516.729820 18.22500 0.03800
2450517.580140 18.24800 0.03700
2450517.629960 18.27300 0.04000
2450517.679950 18.23200 0.03900
2450518.617480 18.28700 0.03900
2450518.662720 18.34500 0.04400
2450518.711800 18.24200 0.04900
2450519.578090 18.85700 0.05100
2450519.624730 18.68900 0.05400
2450519.707150 18.39900 0.05000
2450520.718890 18.53700 0.05400
2450521.574400 18.23500 0.04100
2450521.619520 18.29700 0.04500
2450521.682300 18.25100 0.05200
2450523.583590 18.22700 0.03600
2450523.636280 18.32200 0.03900
2450523.686160 18.22500 0.04000
2450524.575970 18.66900 0.06500
2450524.625980 18.43500 0.05800
2450526.563080 18.23700 0.05800
2450527.688220 18.24900 0.04700
2450530.578350 18.43500 0.06500
2450531.575780 18.30600 0.05100
2450532.565240 18.26400 0.04500
2450533.582470 18.25900 0.04700
2450534.571680 18.31100 0.07300
2450534.615800 18.30000 0.04700
2450534.667560 18.23200 0.05100
2450535.556270 18.43700 0.04100
2450535.616570 18.73000 0.06200
2450536.535430 18.25900 0.03400
2450536.580610 18.27900 0.04100
2450536.631110 18.27800 0.04800
2450537.529990 18.28600 0.03700
2450537.630200 18.28600 0.03800
2450537.677040 18.25700 0.06100
2450538.517990 18.29600 0.04700
2450538.569740 18.20100 0.03700
2450539.526630 18.33000 0.03800
2450539.637740 18.27700 0.03600
2450539.681800 18.28100 0.03600
2450541.537010 18.27600 0.03400
2450541.594040 18.31600 0.03200
2450542.526100 18.26700 0.03300
2450542.577990 18.21600 0.03200
2450542.625460 18.24400 0.03400
2450542.669600 18.24500 0.04200
2450543.564330 18.21900 0.03200
2450543.608390 18.28100 0.03800
2450543.645440 18.25800 0.03600
2450544.517110 18.27800 0.03800
2450544.561400 18.29100 0.03900
2450544.605680 18.27400 0.03600
2450544.650890 18.27500 0.03800
2450551.506850 18.28500 0.03400
2450552.518310 18.24400 0.03900
2450553.523600 18.24500 0.03400
2450554.500370 18.30000 0.03800
2450554.585820 18.31600 0.04900
2450555.506670 18.87500 0.07500
2450557.607260 18.28600 0.04900
2450558.554030 18.22300 0.06800
2450559.537860 18.25200 0.04000
2450560.515880 18.62300 0.06100
2450561.515920 18.30100 0.04300
2450562.517480 18.25200 0.04200
2450564.518650 18.27100 0.03800
2450565.524470 18.32800 0.04200
2450566.518450 18.39100 0.03400
2450567.519500 18.25500 0.02900
2450568.504760 18.22700 0.05200
2450569.514560 18.28800 0.04000
2450571.500390 18.41900 0.03900
2450572.530420 18.25500 0.03900
2450574.492240 18.26200 0.03500
2450575.490820 18.23400 0.04400
2450577.499810 18.31500 0.04000
2450578.513320 18.28200 0.03400
2450582.495510 18.27000 0.04700
2450583.498260 18.24600 0.03400
2450672.883710 18.29100 0.02900
2450689.867700 18.22700 0.03300
2450699.868910 18.20400 0.03000
2450701.834510 18.37400 0.04800
2450704.877020 18.24900 0.03500
2450706.858440 18.26100 0.04100
2450714.825900 18.30100 0.02900
2450716.790480 18.32100 0.03400
2450720.846820 18.28400 0.03500
2450728.785640 18.29300 0.03100
2450729.785670 18.31800 0.03200
2450730.741220 18.27700 0.03200
2450733.832230 18.58900 0.05900
2450741.835470 18.30900 0.03700
2450745.790310 18.27800 0.03500
2450747.838700 18.26900 0.03400
2450753.792570 18.69100 0.05300
2450759.827110 18.38200 0.03400
2450766.801280 18.16200 0.04400
2450772.820360 18.26900 0.03100
2450775.802110 18.29600 0.02800
2450779.820760 18.67400 0.04100
2450787.797150 18.30000 0.03200
2450789.781170 18.47600 0.03700
2450790.791630 18.43300 0.04000
2450795.749270 18.40300 0.03300
2450796.821160 18.31600 0.03300
2450797.748920 18.23000 0.03000
2450798.720880 18.26200 0.03000
2450805.805790 18.94200 0.07300
2450816.776800 18.26400 0.03300
2450817.696020 18.26600 0.02800
2450819.795710 18.27800 0.03200
2450822.809910 18.29800 0.02600
2450824.839210 18.25300 0.03300
2450826.662640 18.26500 0.03400
2450829.733270 18.25300 0.03900
2450832.689480 18.28000 0.03100
2450836.788310 18.95300 0.07600
2450840.667670 18.33300 0.04300
2450843.668130 18.26700 0.02900
2450850.641710 18.28100 0.03300
2450854.679510 18.23800 0.03800
2450855.646430 18.31300 0.06800
2450856.612770 18.88300 0.06500
2450858.585330 18.30800 0.03400
2450864.735410 18.22600 0.05100
2450866.647440 18.34800 0.06400
2450875.560660 18.29300 0.03200
2450880.546240 18.30100 0.03100
2450887.559540 18.87400 0.06600
2450892.687810 18.26400 0.03500
2450895.533950 18.26300 0.04300
2450898.540800 18.28900 0.02900
2450922.608150 18.25500 0.04100
2450928.534130 18.60400 0.06100
2450931.556040 18.30000 0.05400
2450933.565790 18.34700 0.03600
2450947.505450 18.17300 0.05100
2450952.499250 18.30300 0.03700
2451045.893850 18.29000 0.03600
2451051.874100 18.26200 0.03800
2451052.909300 18.25900 0.03500
2451053.889520 18.31000 0.03000
2451054.905220 18.57200 0.04000
2451055.877700 18.36400 0.04500
2451059.890460 18.49900 0.04900
2451061.900230 18.26500 0.04100
2451068.898310 18.24300 0.02800
2451076.869620 18.25400 0.03300
2451081.872740 18.28500 0.03700
2451087.819800 18.20900 0.03200
2451091.822320 18.32900 0.04600
2451102.804720 18.22100 0.02100
2451106.859760 18.96900 0.05100
2451107.787530 18.31700 0.03100
2451113.800310 18.27100 0.03000
2451119.805040 18.23700 0.03400
2451126.861100 18.32600 0.03700
2451131.698860 18.74800 0.06500
2451132.750870 18.36100 0.03300
2451136.784170 18.32500 0.03200
2451138.808280 18.27000 0.03000
2451142.675310 18.37300 0.02900
2451144.744220 18.28100 0.02900
2451151.770060 18.25300 0.03200
2451155.769360 18.27600 0.03000
2451158.766900 18.34200 0.03400
2451161.744820 18.30300 0.02800
2451165.765560 18.22500 0.03000
2451169.760430 18.24500 0.03300
2451174.734270 18.28800 0.02900
2451179.751080 18.31600 0.03900
2451181.823140 18.16000 0.03500
2451186.777570 18.27600 0.02900
2451187.838840 18.24600 0.02900
2451189.847640 18.87100 0.05200
2451196.717580 18.29900 0.03800
2451201.726400 18.25000 0.03500
2451203.746270 18.29000 0.03300
2451207.603190 18.23900 0.04700
2451211.640930 18.30000 0.03600
2451214.641810 18.90500 0.06400
2451217.616690 18.24100 0.02700
2451220.621520 18.27200 0.03100
2451223.647750 18.25100 0.03100
2451225.588680 18.26200 0.02700
2451227.669190 18.25900 0.03300
2451231.565100 18.25100 0.03700
2451234.613340 18.39900 0.04000
2451236.620820 18.31100 0.05000
2451240.573290 18.40600 0.04100
2451242.675000 18.19500 0.03900
2451244.624600 18.22400 0.03300
2451247.555170 18.20400 0.03700
2451252.671040 18.37300 0.07300
2451256.539890 18.29100 0.05000
2451260.565380 18.69500 0.04700
2451265.540350 18.59400 0.04400
2451273.586240 18.23000 0.04900
2451277.522510 18.25000 0.03900
2451281.566280 18.81700 0.07000
2451288.520790 18.27200 0.04500
2451290.588190 18.25800 0.04100
2451296.525540 18.59800 0.05700
2451298.563450 18.23400 0.04700
2451301.505180 18.42300 0.05000
2451305.550980 18.25200 0.04000
2451308.480490 18.29300 0.04000
2451313.526990 18.29600 0.05000
2451316.518860 18.22800 0.02300
2451319.495130 18.24000 0.03700
2451329.504210 18.23100 0.05100
2451332.479470 18.38900 0.06400
2451340.466620 18.29800 0.05300
2451412.853480 18.60400 0.04800
2451418.850710 18.19100 0.04000
2451430.905230 18.25100 0.03300
2451432.839050 18.44400 0.04800
2451435.815080 18.23900 0.04900
2451437.798970 18.46900 0.05000
2451440.846620 18.24900 0.04000
2451446.858710 18.31900 0.05100
2451447.884240 18.29000 0.05200
2451451.868510 18.23100 0.03800
2451455.847310 18.27600 0.05400
2451459.785980 18.26200 0.04400
2451462.790250 18.26400 0.03600
2451470.850630 18.24300 0.03000
2451475.763240 18.25900 0.03200
2451478.718610 18.37900 0.05100
2451481.692280 18.25300 0.04000
2451487.721680 18.28700 0.03300
2451490.718500 18.35000 0.04100
2451492.711630 18.22600 0.03400
2451495.710120 18.28700 0.03100
2451499.667900 18.86200 0.07600
2451502.663130 18.21400 0.04000
2451505.703730 18.35600 0.04000
2451507.837190 18.29000 0.03800
2451510.813160 18.91600 0.05600
2451512.709940 18.30100 0.04100
2451514.821030 18.23800 0.03700
2451517.656500 18.28000 0.03400
2451519.730140 18.28300 0.03100
2451521.665890 18.26400 0.03400
2451523.786650 18.21500 0.03900
2451525.781000 18.39200 0.03300
2451527.709960 18.30400 0.03200
2451528.756300 18.26300 0.02900
2451529.777400 18.26400 0.02900
2451531.770510 18.49800 0.03900
2451538.727050 18.24200 0.03300
2451541.683140 18.51800 0.03200
2451542.713010 18.24800 0.03300
2451544.639030 18.22100 0.02900
2451547.765970 18.29600 0.03000
2451548.743560 18.28200 0.03100
2451549.737820 18.21000 0.02600
2451552.602550 18.22400 0.02900
2451554.729040 18.24400 0.02600
2451555.735750 18.27700 0.02900
2451562.738700 18.50200 0.06000
2451564.617270 18.25000 0.04400
2451567.709860 18.51100 0.04800
2451570.615210 18.32000 0.03500
2451574.757140 18.27700 0.02800
2451577.706810 18.96900 0.05300
2451580.742880 18.26100 0.03400
2451583.628250 18.26700 0.03400
2451585.750130 18.24000 0.03200
2451589.633070 18.23600 0.03200
2451592.624850 18.65800 0.04200
2451595.670760 18.25700 0.04200
2451599.612390 18.24700 0.03000
2451601.688410 18.24500 0.04300
2451604.569960 18.25100 0.03800
2451606.604830 18.25600 0.03700
2451609.646190 18.31900 0.03500
2451610.631310 18.25700 0.03600
2451613.522340 18.36400 0.04200
2451615.554300 18.28500 0.04000
2451617.625660 18.30000 0.03300
2451619.609320 18.41900 0.04700
2451620.560500 18.25200 0.04200
2451622.510660 18.27700 0.04200
2451624.507220 18.28300 0.04500
2451626.508040 18.24500 0.03900
2451627.629150 18.31800 0.04800
2451629.508180 18.23400 0.03700
2451630.589570 18.31300 0.03700
2451632.526120 18.19900 0.03700
2451634.503840 18.24200 0.03400
2451643.495780 18.39700 0.04100
2451646.494740 18.34800 0.06300
2451654.533180 18.95000 0.07300
2451656.519390 18.24700 0.03600
2451659.526860 18.79500 0.06800
2451661.550830 18.25500 0.03700
2451663.576430 18.29300 0.03300
2451667.517700 18.26100 0.04800
2451670.539450 18.47700 0.05100
2451673.509900 18.33700 0.06400
2451681.479830 18.26400 0.07000
2451691.527750 18.18700 0.03900
2451694.484300 18.28600 0.05200
