2450726.839000 17.03100 0.01600
2450729.734410 16.98200 0.01800
2450741.787000 17.09300 0.01900
2450744.781750 17.11600 0.01900
2450745.866350 16.97300 0.02100
2450746.802510 16.82700 0.01700
2450747.746660 17.06800 0.01700
2450749.838310 16.79700 0.01600
2450750.814990 17.03100 0.01800
2450751.812720 16.84200 0.01900
2450759.672420 16.86500 0.01600
2450761.807330 16.80700 0.01800
2450761.822440 16.79900 0.01600
2450769.795730 16.86200 0.01700
2450776.783790 16.80800 0.01600
2450778.812920 16.89400 0.02000
2450780.792640 17.05500 0.01800
2450782.772190 16.81800 0.01600
2450789.804550 17.01200 0.01900
2450792.711050 17.02600 0.02100
2450795.796470 17.01300 0.01600
2450796.750600 16.85000 0.01800
2450798.815270 16.95700 0.01800
2450817.719390 16.82900 0.01600
2450824.737710 16.83500 0.01800
2450826.702380 16.79700 0.01600
2450827.702780 16.84500 0.01600
2450828.692710 17.04400 0.01700
2450830.768180 16.79300 0.01700
2450833.561070 16.98900 0.01700
2450834.667090 16.95900 0.01700
2450834.799300 16.91600 0.02200
2450835.658120 16.80600 0.01500
2450837.678240 17.03200 0.01400
2450839.676710 16.91500 0.01700
2450841.719700 16.84300 0.01600
2450843.793020 16.91700 0.01500
2450846.782830 16.95100 0.01600
2450856.743740 16.88800 0.02000
2450857.741470 16.78500 0.01900
2450858.728040 17.11000 0.02000
2450859.771250 16.93200 0.01900
2450860.617340 17.00500 0.01800
2450874.581970 16.83500 0.01600
2450876.616790 16.89400 0.01600
2450880.640520 16.80600 0.01700
2450887.685070 16.83000 0.01800
2450891.540170 16.82100 0.01700
2450896.524050 17.03000 0.01900
2450900.577750 16.87000 0.01700
2450919.578810 16.78100 0.02000
2450934.538280 16.82900 0.02100
2450950.531970 17.06000 0.02000
2450952.522750 16.83700 0.01700
2450953.503390 17.04900 0.02300
2451080.776040 16.81900 0.01600
2451084.835290 16.80600 0.01500
2451086.860110 16.92800 0.01700
2451092.757550 16.80000 0.01900
2451093.799500 16.84000 0.01700
2451106.783580 17.14400 0.01700
2451108.802210 16.81500 0.01500
2451114.810550 16.80000 0.01400
2451120.758270 16.86800 0.02100
2451129.841460 16.79600 0.01500
2451132.837110 16.80300 0.01500
2451135.786540 16.81100 0.01400
2451140.835630 16.93400 0.01500
2451142.787220 17.10300 0.01600
2451152.744980 16.83100 0.01900
2451154.770100 17.14000 0.01900
2451156.735030 16.87800 0.01700
2451158.803630 16.87600 0.01700
2451160.801030 17.02800 0.01700
2451164.783020 16.84700 0.01400
2451165.828730 16.81500 0.01700
2451167.751930 16.80700 0.01700
2451171.753040 16.83300 0.01300
2451179.802530 16.90200 0.01900
2451184.709890 17.07500 0.01700
2451187.701390 17.03700 0.01800
2451188.715200 16.81800 0.01400
2451189.764250 16.83100 0.01400
2451191.778460 16.88100 0.01400
2451192.786870 16.81300 0.01400
2451201.790320 16.78900 0.01600
2451202.799460 16.92900 0.01800
2451204.705890 16.84600 0.01700
2451206.806000 16.95500 0.01600
2451207.716740 16.82500 0.02000
2451208.779800 16.97400 0.02000
2451214.688420 17.02700 0.02000
2451215.593180 16.85000 0.01500
2451216.702120 16.82900 0.01600
2451217.751440 17.05400 0.02000
2451218.726450 16.80300 0.01900
2451219.665750 16.91400 0.01900
2451220.773080 16.98800 0.02000
2451221.639150 16.80500 0.01700
2451223.728160 17.12400 0.01900
2451226.618210 16.85500 0.01700
2451227.623040 16.81900 0.01600
2451230.689900 16.79100 0.01700
2451232.729030 17.11600 0.02200
2451235.623500 16.88900 0.01800
2451238.595090 16.84800 0.02100
2451240.718890 16.80700 0.01900
2451242.588420 16.84000 0.01900
2451243.686140 16.83400 0.01900
2451245.662970 16.78700 0.01900
2451248.541240 16.89100 0.01900
2451255.548380 17.04700 0.02300
2451256.589660 16.84600 0.01700
2451258.624970 16.93200 0.01600
2451259.632590 16.96300 0.01600
2451261.586680 17.03800 0.01700
2451266.519270 16.91300 0.02200
2451267.573880 17.04000 0.02600
2451268.587230 16.84700 0.02000
2451274.590430 16.87700 0.02200
2451277.575260 16.87300 0.01800
2451279.560570 17.07400 0.02000
2451281.582780 16.81600 0.01900
2451290.541880 16.83300 0.02000
2451298.471400 16.79800 0.02200
2451301.545670 16.85500 0.02200
2451305.574340 16.82100 0.01900
2451312.551030 17.05400 0.02700
2451317.484070 16.89800 0.01600
2451319.535480 16.87000 0.02100
2451329.463170 16.93600 0.02400
2451330.527750 17.06100 0.02800
2451335.480570 16.89700 0.02000
2451431.879450 16.79300 0.01600
2451436.793980 16.80400 0.01700
2451439.885210 16.93600 0.01600
2451461.849040 16.79400 0.01800
2451462.839400 17.07500 0.02200
2451471.835460 17.04800 0.01800
2451476.728090 16.94100 0.01900
2451478.805750 16.83800 0.01600
2451481.844200 16.89800 0.01900
2451484.793940 16.84000 0.01600
2451488.826240 16.78000 0.01600
2451491.804940 16.79100 0.01700
2451494.810330 16.81200 0.01900
2451496.692990 16.79900 0.02000
2451498.714730 16.91600 0.01700
2451502.710790 16.80800 0.01900
2451507.746540 17.04900 0.02000
2451508.648740 16.85300 0.01600
2451509.812990 16.79600 0.01600
2451510.836700 16.96900 0.01800
2451511.668220 16.82400 0.01700
2451514.716360 16.78400 0.01800
2451516.685770 16.90000 0.01700
2451518.657780 17.05600 0.01900
2451520.683380 16.78200 0.01700
2451522.763580 17.12000 0.01900
2451524.823540 16.78900 0.01600
2451526.661190 16.79600 0.01600
2451527.827450 16.78500 0.01600
2451529.730660 16.80000 0.01500
2451531.833380 16.90700 0.01600
2451538.789550 16.84200 0.01700
2451542.814190 16.77000 0.01700
2451543.846900 16.87200 0.01700
2451544.756030 16.84700 0.01500
2451548.788880 16.79000 0.01600
2451549.801470 16.98500 0.01600
2451552.724800 17.08700 0.01600
2451553.799760 16.87700 0.01700
2451554.815010 16.78700 0.01400
2451555.808980 16.95500 0.01700
2451562.800970 16.92100 0.01800
2451566.650400 16.98700 0.02100
2451568.672030 16.78600 0.01600
2451571.736750 16.81300 0.01700
2451574.788770 16.90100 0.01500
2451576.642600 16.88600 0.01800
2451578.742950 16.80800 0.01900
2451581.692260 16.84400 0.01800
2451585.677640 16.98500 0.01900
2451588.652390 16.93500 0.02000
2451595.631870 16.81900 0.01900
2451596.745110 16.83800 0.02000
2451599.737040 16.79500 0.01800
2451601.742890 16.86000 0.01900
2451602.724400 16.82500 0.01700
2451605.515720 16.90500 0.01800
2451606.691060 17.09000 0.02200
2451609.704490 17.13300 0.01900
2451611.699410 16.85800 0.01700
2451615.700050 17.08500 0.02200
2451617.681290 16.83900 0.01600
2451620.497450 16.86400 0.02000
2451623.662440 16.84700 0.01900
2451625.666890 16.81100 0.01800
2451626.667890 16.85100 0.01600
2451628.656190 16.82400 0.01700
2451630.675430 17.07800 0.01800
2451633.638740 16.96600 0.01600
2451634.632160 16.80000 0.01600
2451635.645850 16.88200 0.01900
2451644.595960 17.00200 0.01700
2451653.555540 17.05400 0.02200
2451655.591300 16.82100 0.02000
2451659.584100 17.00000 0.02200
2451662.573580 17.01200 0.02000
2451671.533410 17.03500 0.02400
2451684.475290 16.79400 0.02500
2451695.501120 17.01000 0.02100
