2450726.839000 14.54900 0.00700
2450729.734410 14.54900 0.00800
2450741.787000 14.55500 0.00800
2450744.781750 14.53500 0.00800
2450745.866350 14.54300 0.00800
2450746.802510 14.58600 0.00800
2450747.746660 14.69600 0.00700
2450748.704220 14.74800 0.00800
2450749.838310 14.53500 0.00800
2450750.814990 14.54800 0.00800
2450751.812720 14.68700 0.00700
2450754.763200 14.55800 0.00900
2450759.672420 14.67700 0.00800
2450761.807330 14.65700 0.00900
2450761.822440 14.78900 0.00800
2450769.795730 14.64800 0.00800
2450776.783790 14.63600 0.00800
2450778.812920 14.78900 0.00900
2450780.792640 14.53500 0.00700
2450782.772190 14.69900 0.00800
2450789.804550 14.57800 0.00800
2450792.711050 14.54800 0.00800
2450795.796470 14.79200 0.00800
2450796.750600 14.75000 0.00900
2450798.815270 14.73500 0.00800
2450817.719390 14.79200 0.00800
2450824.737710 14.58300 0.00700
2450826.702380 14.54800 0.00700
2450827.702780 14.70800 0.00800
2450828.692710 14.70000 0.00700
2450830.768180 14.55800 0.00800
2450831.558920 14.73100 0.00800
2450832.541690 14.74500 0.00800
2450833.561070 14.54200 0.00800
2450834.667090 14.57700 0.00700
2450834.799300 14.62000 0.00800
2450835.658120 14.76900 0.00700
2450837.678240 14.58200 0.00700
2450838.726360 14.55300 0.00600
2450839.676710 14.56700 0.00800
2450841.719700 14.59600 0.00800
2450842.755850 14.66600 0.00800
2450843.793020 14.53900 0.00700
2450844.535590 14.55100 0.00800
2450846.782830 14.57700 0.00800
2450850.773420 14.54300 0.00800
2450855.670750 14.73700 0.01000
2450856.743740 14.79100 0.00800
2450857.741470 14.58100 0.00800
2450858.728040 14.54400 0.00700
2450859.771250 14.69800 0.00700
2450860.617340 14.66300 0.00800
2450866.598580 14.62400 0.00800
2450874.581970 14.73100 0.00700
2450876.616790 14.78900 0.00700
2450876.718950 14.63800 0.00600
2450878.624060 14.55100 0.00700
2450880.640520 14.55200 0.00800
2450885.552220 14.65700 0.00900
2450887.685070 14.66600 0.00800
2450890.708570 14.76400 0.00900
2450891.540170 14.66900 0.00800
2450892.508300 14.71600 0.00800
2450893.674400 14.54500 0.00800
2450896.524050 14.60800 0.00700
2450900.577750 14.68300 0.00800
2450909.597150 14.60600 0.01000
2450919.578810 14.55600 0.00800
2450925.586720 14.54000 0.00900
2450931.589510 14.56200 0.00900
2450934.538280 14.64400 0.00800
2450937.555230 14.67400 0.00800
2450950.531970 14.56400 0.00700
2450952.522750 14.70100 0.00700
2450953.503390 14.60000 0.00700
2450963.485700 14.66500 0.00900
2451074.835770 14.54800 0.00800
2451076.817490 14.79300 0.00800
2451080.776040 14.64600 0.00800
2451083.839260 14.57400 0.00700
2451084.835290 14.53600 0.00700
2451086.860110 14.55800 0.00700
2451090.740610 14.53100 0.00800
2451092.757550 14.57400 0.00800
2451093.799500 14.76100 0.00700
2451106.783580 14.58800 0.00700
2451108.802210 14.53500 0.00700
2451114.810550 14.56100 0.00700
2451120.758270 14.59200 0.00800
2451126.779280 14.58800 0.00700
2451129.841460 14.63800 0.00700
2451132.837110 14.78000 0.00700
2451135.786540 14.53700 0.00700
2451140.835630 14.54600 0.00700
2451142.787220 14.56100 0.00700
2451152.744980 14.57400 0.00800
2451154.770100 14.68300 0.00700
2451156.735030 14.55000 0.00700
2451158.803630 14.54100 0.00700
2451160.801030 14.63800 0.00700
2451164.783020 14.60400 0.00700
2451165.828730 14.73400 0.00700
2451167.751930 14.68900 0.00700
2451168.711280 14.65200 0.00800
2451171.753040 14.70700 0.00700
2451175.752260 14.57800 0.00700
2451179.802530 14.72600 0.00700
2451184.709890 14.55600 0.00700
2451187.701390 14.52700 0.00700
2451188.715200 14.72700 0.00700
2451189.764250 14.56400 0.00700
2451191.778460 14.54900 0.00700
2451192.786870 14.58300 0.00700
2451193.826340 14.55300 0.00700
2451194.701930 14.54600 0.00700
2451201.790320 14.54100 0.00900
2451202.799460 14.65200 0.00800
2451204.705890 14.55700 0.00800
2451206.806000 14.69900 0.00800
2451207.716740 14.56100 0.00900
2451208.779800 14.53300 0.00800
2451212.777420 14.57100 0.00900
2451214.688420 14.53800 0.00800
2451215.593180 14.75800 0.00800
2451216.702120 14.58800 0.00800
2451217.751440 14.78600 0.00900
2451218.726450 14.77500 0.00900
2451219.665750 14.66000 0.00900
2451220.773080 14.73400 0.00800
2451221.639150 14.60500 0.00800
2451223.728160 14.53600 0.00900
2451226.618210 14.52300 0.00700
2451227.623040 14.72900 0.00800
2451230.689900 14.54700 0.00800
2451232.729030 14.57500 0.00900
2451235.623500 14.55300 0.00800
2451238.595090 14.78900 0.00900
2451240.718890 14.56000 0.00800
2451242.588420 14.65600 0.00900
2451243.686140 14.57900 0.00800
2451245.662970 14.55200 0.00800
2451248.541240 14.53400 0.00800
2451251.539160 14.53700 0.01000
2451255.548380 14.58200 0.00900
2451256.589660 14.54400 0.00800
2451258.624970 14.57300 0.00800
2451259.632590 14.54700 0.00800
2451261.586680 14.68400 0.00800
2451266.519270 14.63700 0.00900
2451267.573880 14.53300 0.00900
2451268.587230 14.78800 0.00900
2451274.590430 14.64700 0.00900
2451277.575260 14.54700 0.00800
2451279.560570 14.71000 0.00700
2451281.582780 14.67600 0.00800
2451289.472430 14.54400 0.00900
2451290.541880 14.59200 0.00900
2451298.471400 14.72700 0.01000
2451301.545670 14.53000 0.00900
2451305.574340 14.76300 0.00800
2451312.551030 14.77800 0.00900
2451317.484070 14.73500 0.00800
2451319.535480 14.76200 0.00900
2451327.476040 14.67800 0.01300
2451329.463170 14.54900 0.00900
2451330.527750 14.61500 0.00900
2451335.480570 14.55000 0.00800
2451431.879450 14.53800 0.00800
2451433.876420 14.64300 0.01000
2451436.793980 14.54300 0.00800
2451439.885210 14.74400 0.00800
2451443.825380 14.60300 0.01000
2451447.837660 14.74500 0.00900
2451449.879460 14.78400 0.00900
2451454.844010 14.59500 0.00900
2451459.811000 14.53100 0.00700
2451461.849040 14.56300 0.00800
2451462.839400 14.55000 0.00900
2451471.835460 14.56700 0.00800
2451476.728090 14.73900 0.00800
2451478.805750 14.63800 0.00800
2451481.844200 14.55300 0.00800
2451484.793940 14.67700 0.00800
2451488.826240 14.55500 0.00800
2451491.804940 14.71200 0.00800
2451494.810330 14.78900 0.00800
2451496.692990 14.57000 0.00800
2451498.714730 14.54000 0.00800
2451502.710790 14.55000 0.00800
2451505.745560 14.63900 0.00800
2451507.746540 14.53800 0.00800
2451508.648740 14.72100 0.00800
2451509.812990 14.54900 0.00800
2451510.836700 14.72200 0.00800
2451511.668220 14.79300 0.00800
2451514.716360 14.57300 0.00900
2451516.685770 14.55400 0.00800
2451518.657780 14.79600 0.00800
2451520.683380 14.63600 0.00800
2451522.763580 14.72300 0.00800
2451523.656600 14.54000 0.01200
2451524.823540 14.61900 0.00800
2451526.661190 14.54600 0.00800
2451527.827450 14.67400 0.00800
2451529.730660 14.75000 0.00800
2451531.833380 14.53900 0.00700
2451538.789550 14.66100 0.00800
2451542.814190 14.54400 0.00700
2451543.846900 14.64900 0.00800
2451544.756030 14.56800 0.00800
2451548.788880 14.66600 0.00700
2451549.801470 14.54500 0.00700
2451552.724800 14.63500 0.00700
2451553.799760 14.59400 0.00800
2451554.815010 14.63700 0.00700
2451555.808980 14.54900 0.00700
2451562.800970 14.54000 0.00700
2451566.650400 14.54500 0.00800
2451568.672030 14.60100 0.00800
2451571.736750 14.56100 0.00800
2451574.788770 14.79400 0.00700
2451576.642600 14.54500 0.00800
2451578.742950 14.63900 0.00800
2451581.692260 14.56600 0.00800
2451583.731560 14.60400 0.00800
2451585.677640 14.54500 0.00800
2451588.652390 14.71700 0.00800
2451591.616100 14.56700 0.01100
2451595.631870 14.77400 0.00800
2451596.745110 14.58000 0.00800
2451599.737040 14.69200 0.00800
2451600.714610 14.59800 0.00900
2451601.742890 14.58700 0.00800
2451602.724400 14.70900 0.00800
2451605.515720 14.72200 0.00800
2451606.691060 14.64600 0.00800
2451609.704490 14.66100 0.00800
2451610.722080 14.57800 0.00800
2451611.699410 14.54000 0.00800
2451613.690060 14.75400 0.00900
2451614.685600 14.61200 0.00800
2451615.700050 14.54300 0.00800
2451617.681290 14.73700 0.00700
2451618.679690 14.55700 0.00800
2451620.497450 14.53300 0.00800
2451621.676580 14.59400 0.01000
2451623.662440 14.57600 0.00800
2451625.666890 14.55100 0.00800
2451626.667890 14.57100 0.00800
2451628.656190 14.63400 0.00800
2451630.675430 14.76600 0.00700
2451633.638740 14.53900 0.00800
2451634.632160 14.61600 0.00700
2451635.645850 14.61000 0.00800
2451643.618880 14.54100 0.00900
2451644.595960 14.53900 0.00700
2451650.589530 14.59100 0.01000
2451653.555540 14.69800 0.00800
2451655.591300 14.61700 0.00800
2451657.580460 14.55200 0.00900
2451659.584100 14.76200 0.00800
2451662.573580 14.59900 0.00700
2451665.555580 14.53200 0.00900
2451671.533410 14.66600 0.00800
2451684.475290 14.55000 0.00900
2451695.501120 14.69800 0.00800
