2450457.646280 18.07800 0.02900
2450457.704920 18.10000 0.02600
2450457.822190 18.10200 0.03300
2450458.678740 17.94500 0.03400
2450459.642060 17.88300 0.02700
2450459.847720 17.89900 0.03200
2450461.650650 17.86200 0.02400
2450461.778840 17.89800 0.02600
2450462.607410 17.87800 0.02500
2450465.850680 18.03700 0.03300
2450466.846150 18.21900 0.03000
2450468.775070 18.06100 0.02800
2450469.783990 18.03400 0.03700
2450470.801880 17.98900 0.04100
2450472.819790 17.82600 0.03500
2450475.580320 17.90900 0.03000
2450477.797890 18.11600 0.03500
2450478.803570 18.35600 0.03500
2450479.803830 18.38700 0.04800
2450480.640300 18.25600 0.03400
2450481.538130 18.06100 0.03300
2450482.830800 17.91900 0.03900
2450483.536270 17.91000 0.03500
2450484.534450 17.87700 0.03800
2450485.539020 17.86500 0.02700
2450486.531190 17.92500 0.02800
2450487.558560 17.98000 0.03000
2450488.570940 17.97000 0.03000
2450489.530990 18.09600 0.02700
2450490.539670 18.28800 0.02900
2450491.541250 18.21800 0.03600
2450492.526400 18.10600 0.04400
2450493.529520 17.97000 0.02800
2450494.524490 17.93300 0.03200
2450494.783970 17.92100 0.02500
2450495.526560 17.85700 0.03000
2450496.521760 17.80600 0.03000
2450496.738120 17.85900 0.04400
2450498.521080 17.86100 0.03400
2450499.783490 17.92600 0.04300
2450500.780960 18.02900 0.06800
2450501.545530 18.18200 0.04000
2450507.531680 17.91300 0.03100
2450508.574330 17.89900 0.03800
2450509.528880 17.86100 0.02900
2450510.559570 17.91000 0.03500
2450510.724790 17.99900 0.05100
2450511.624210 17.98900 0.04000
2450512.558540 17.99100 0.03300
2450513.542660 18.12400 0.05200
2450513.654460 18.09700 0.02700
2450514.522300 18.31900 0.05100
2450514.617760 18.21900 0.03100
2450515.518930 18.25500 0.03600
2450516.522450 17.97500 0.03400
2450517.521980 18.00400 0.03800
2450518.558850 17.89200 0.02800
2450519.511870 17.87700 0.02900
2450519.661420 17.90000 0.03200
2450519.739240 17.85500 0.03300
2450520.678110 17.84600 0.03600
2450521.514040 17.91900 0.03700
2450521.651580 17.87200 0.03700
2450521.715340 17.85700 0.04800
2450523.519370 18.00900 0.03500
2450524.504770 18.09100 0.04500
2450524.544850 18.07800 0.03600
2450526.508160 18.41000 0.05800
2450526.603920 18.41200 0.04800
2450527.502930 18.40100 0.04400
2450528.562760 18.13400 0.04700
2450530.542690 17.93400 0.03800
2450530.640260 17.92000 0.06000
2450531.515720 17.86800 0.04000
2450531.614720 17.93200 0.04100
2450532.504330 17.85600 0.04100
2450533.503370 17.87900 0.03800
2450533.629290 17.91900 0.04500
2450534.512600 17.87400 0.03300
2450535.517040 18.01800 0.02700
2450536.666060 17.99300 0.04800
2450540.504220 17.96200 0.04300
2450552.615970 18.08300 0.03700
2450554.530400 17.86800 0.03100
2450558.523440 17.93500 0.04500
2450560.545780 17.98500 0.04400
2450561.486270 18.18100 0.03900
2450562.478350 18.24600 0.04200
2450564.487250 17.95800 0.04100
2450573.478470 18.35000 0.05200
2450673.833070 17.86800 0.02400
2450689.859340 18.00700 0.03000
2450699.805400 17.87600 0.02900
2450701.802650 18.00900 0.03600
2450704.844470 18.25100 0.03700
2450706.790790 18.00200 0.04700
2450707.844120 17.91900 0.04300
2450715.810010 18.34900 0.04000
2450720.790120 17.90100 0.04200
2450722.820570 17.88600 0.02700
2450726.778600 18.03600 0.03100
2450728.818320 18.12900 0.02700
2450729.873170 18.01800 0.03400
2450733.774030 17.84200 0.04000
2450741.868810 18.04600 0.03200
2450744.874290 17.87900 0.03500
2450745.715990 17.81800 0.02400
2450747.782980 17.90500 0.02400
2450748.737100 17.92700 0.02700
2450751.720310 18.24100 0.04000
2450755.680570 17.85500 0.03700
2450759.793690 17.92300 0.02400
2450760.770140 17.99300 0.03100
2450761.855070 18.20400 0.03400
2450765.796710 18.08400 0.03400
2450769.787480 17.84300 0.03000
2450774.794040 18.21300 0.03600
2450778.777380 17.93700 0.03400
2450780.848190 17.85500 0.02600
2450781.782220 17.85800 0.02500
2450788.793270 18.16100 0.02600
2450789.749720 18.03600 0.03000
2450792.789770 17.83900 0.03000
2450795.851450 17.90000 0.02600
2450796.852120 18.02100 0.03900
2450797.849630 18.02500 0.03100
2450798.846690 18.18000 0.03700
2450805.772020 17.89400 0.03800
2450816.714370 17.84500 0.02700
2450817.820610 17.88300 0.02700
2450818.856540 17.92600 0.02600
2450819.850550 17.94700 0.03800
2450822.778730 18.24900 0.03000
2450825.738040 17.98200 0.03400
2450827.648490 17.87400 0.02500
2450828.833060 17.87200 0.02700
2450829.667560 17.88800 0.03000
2450830.798970 17.91100 0.02900
2450831.644180 17.97500 0.03300
2450832.720360 18.12400 0.02900
2450833.653170 18.31900 0.02900
2450834.767500 18.46400 0.05800
2450837.812500 17.94300 0.02100
2450839.599320 17.84900 0.02600
2450841.821290 17.87100 0.02900
2450842.786470 17.93200 0.03200
2450844.654520 18.06700 0.03600
2450850.675540 17.89500 0.03200
2450854.736300 17.92400 0.03500
2450856.727610 18.23300 0.05200
2450858.608900 18.38100 0.04300
2450860.755530 18.05100 0.04200
2450864.694950 17.89000 0.03500
2450875.590630 17.84900 0.02200
2450880.507640 18.17900 0.03500
2450887.587890 17.87200 0.03200
2450892.671850 18.04300 0.03400
2450895.494210 18.09200 0.03400
2450897.492930 17.91200 0.02600
2450918.487780 18.06400 0.05100
2450922.476290 17.84000 0.02400
2450928.494810 18.33400 0.05600
2450931.517270 18.15300 0.04600
2450934.489450 17.85600 0.03300
2450950.491850 18.01600 0.03600
2450952.483530 18.43200 0.04600
2451053.913130 17.84000 0.02300
2451065.909300 17.82700 0.03300
2451069.794900 18.18400 0.03100
2451071.793730 18.43100 0.06800
2451077.820240 17.82500 0.02400
2451083.769430 18.27200 0.03700
2451088.838280 17.88700 0.02900
2451092.870820 18.11400 0.03300
2451102.762620 17.88700 0.02500
2451106.819640 18.27800 0.03000
2451112.801170 17.84600 0.02500
2451116.777410 18.12800 0.02800
2451126.677170 17.93000 0.02800
2451129.724320 18.11300 0.02900
2451132.774520 18.00600 0.02900
2451136.807840 17.82600 0.02200
2451142.700080 18.38100 0.02800
2451151.794660 17.97300 0.02600
2451154.802500 18.35600 0.03800
2451157.795790 17.94400 0.03000
2451160.829260 17.84300 0.02400
2451163.770700 18.01000 0.03500
2451166.804660 18.41300 0.04900
2451169.785190 17.92900 0.03000
2451171.833630 17.85200 0.02200
2451174.759980 17.94500 0.02100
2451175.841280 18.04800 0.03500
2451179.835250 18.03600 0.03700
2451183.730050 17.84500 0.02400
2451185.844800 17.90500 0.02400
2451187.800330 18.09600 0.02600
2451189.823320 18.39400 0.03800
2451191.828770 18.07400 0.02400
2451194.736090 17.89200 0.02600
2451196.616590 17.85700 0.03000
2451201.751300 18.24500 0.04100
2451204.736910 17.97400 0.02900
2451207.629730 17.84100 0.02800
2451211.710070 18.11800 0.03700
2451214.603220 18.34600 0.04200
2451217.656600 17.90700 0.02800
2451219.712430 17.85100 0.02900
2451223.580710 18.06700 0.03600
2451226.673420 18.07500 0.03300
2451228.647210 17.97200 0.03600
2451231.588670 17.85900 0.03400
2451234.666170 18.01000 0.03100
2451236.657040 18.39000 0.05600
2451239.686870 18.00100 0.03400
2451241.703450 17.95000 0.03500
2451243.510430 17.85100 0.03100
2451245.595140 17.93500 0.02700
2451247.694580 18.10100 0.03600
2451248.662290 18.24700 0.04100
2451254.513770 17.92200 0.03200
2451259.506140 18.17500 0.03500
2451264.500350 18.00200 0.03900
2451267.519520 17.90200 0.03900
2451273.525700 18.24200 0.05500
2451275.504700 17.95600 0.03100
2451278.537220 17.89600 0.03400
2451288.482020 17.91500 0.03300
2451290.611730 17.83900 0.03600
2451298.523270 18.03000 0.03700
2451301.528550 17.86700 0.03900
2451306.469840 18.11900 0.03900
2451312.462760 17.90100 0.03900
2451316.478130 17.94500 0.01800
2451319.518710 18.25400 0.03800
2451320.458720 18.24800 0.04600
2451330.455770 18.19500 0.05300
2451331.458550 18.43700 0.06100
2451331.505970 18.32500 0.07200
2451332.453970 18.45400 0.05800
2451333.459570 18.21600 0.05600
2451335.455940 17.97400 0.03700
2451336.455330 17.82500 0.04500
2451336.471460 17.86700 0.04700
2451336.479500 17.89200 0.04400
2451338.477200 17.89300 0.05800
2451338.485140 17.87500 0.05600
2451339.452570 17.89400 0.05000
2451339.462500 17.89100 0.04500
2451340.450690 18.00800 0.05200
2451340.475310 18.00100 0.04500
2451342.455300 18.06900 0.04100
2451343.471230 18.37200 0.05400
2451346.473950 17.98500 0.09600
2451348.457740 17.85300 0.04300
2451349.459240 17.83500 0.05000
2451350.460200 17.83400 0.03700
2451354.938220 18.29900 0.05300
2451360.939710 17.87100 0.04200
2451365.939490 18.08900 0.05100
2451375.929920 17.98400 0.03800
2451395.905200 17.88500 0.03200
2451400.891050 18.12100 0.03700
2451412.901440 18.05800 0.03600
2451415.910760 18.10900 0.04800
2451430.865540 17.92700 0.02900
2451432.862740 17.83300 0.03100
2451433.900070 17.86600 0.03000
2451435.766730 18.02500 0.04000
2451437.760430 18.13800 0.04000
2451440.806920 18.03700 0.03000
2451443.849960 17.88600 0.03200
2451446.882130 17.91300 0.03900
2451448.773190 18.11300 0.04400
2451454.792750 17.97500 0.05700
2451458.808800 18.00200 0.03700
2451459.836260 18.05500 0.03200
2451462.747610 18.26700 0.03800
2451470.787940 17.95800 0.02400
2451475.787600 18.14100 0.03500
2451477.672140 17.94500 0.03400
2451479.713020 17.85000 0.03200
2451484.728720 18.08400 0.03400
2451487.754400 18.04100 0.02600
2451491.682520 17.83700 0.02900
2451493.834440 17.91300 0.03000
2451494.728010 17.95700 0.03400
2451497.783890 18.41200 0.03900
2451499.691680 18.08700 0.03700
2451502.686980 17.86100 0.02900
2451503.836870 17.86700 0.02700
2451505.727370 17.89900 0.03000
2451507.798560 18.04100 0.04300
2451510.774630 18.07200 0.02800
2451512.733640 17.92500 0.03400
2451514.844870 17.86900 0.03000
2451515.699000 17.79900 0.02600
2451517.730670 17.87500 0.02200
2451518.835610 18.00100 0.02800
2451521.689750 18.35400 0.03600
2451523.636760 18.02300 0.04800
2451525.740760 17.85500 0.02300
2451527.733470 17.86500 0.02400
2451528.812600 17.86800 0.02500
2451529.676760 17.95000 0.02900
2451531.794130 18.06900 0.02900
2451538.750390 17.83600 0.02800
2451542.674250 17.99600 0.03000
2451544.716890 18.37400 0.03500
2451547.789240 18.02400 0.03000
2451548.766960 17.92700 0.02500
2451549.785690 17.89000 0.02400
2451552.684810 17.94000 0.02700
2451553.760500 17.98400 0.02800
2451554.775720 17.99900 0.02400
2451555.762730 18.06700 0.03200
2451561.555860 17.84900 0.03100
2451562.762080 17.83600 0.03100
2451564.650970 17.90100 0.03100
2451567.608490 18.23800 0.03800
2451570.575630 18.16800 0.03400
2451573.615920 17.86700 0.02600
2451576.601260 17.89700 0.02700
2451579.664210 18.08500 0.03500
2451581.715900 18.12900 0.03800
2451583.714780 17.95000 0.03100
2451585.649890 17.84800 0.02600
2451588.600050 17.89800 0.03300
2451591.677780 18.21100 0.06000
2451593.596740 18.30400 0.04100
2451595.702140 18.03400 0.03800
2451599.674400 17.88800 0.02500
2451600.687940 17.95600 0.03600
2451604.538590 18.32700 0.04100
2451606.513320 17.97300 0.03900
2451609.613940 17.83900 0.02800
2451610.576800 17.83200 0.03200
2451611.647430 17.89200 0.03100
2451613.553400 18.01600 0.03300
2451615.499650 18.30700 0.03400
2451617.499110 18.23400 0.04100
2451619.521650 17.95200 0.04100
2451621.494210 17.85500 0.03800
2451623.492640 17.90600 0.03600
2451625.494620 18.00700 0.03500
2451627.494760 18.34900 0.04800
2451629.539680 18.06400 0.03400
2451630.548510 18.00000 0.03700
2451632.495030 17.91600 0.03100
2451634.535120 17.86800 0.02800
2451635.606620 17.90900 0.03400
2451643.526600 17.96300 0.03200
2451645.483740 17.90300 0.04000
2451650.541940 18.18200 0.06100
2451653.539370 17.98800 0.04000
2451655.513080 17.91500 0.03400
2451657.504450 17.88700 0.03700
2451660.529630 18.00300 0.04300
2451662.480540 18.30600 0.04200
2451664.495350 18.27900 0.04400
2451667.549100 17.90600 0.03600
2451671.478480 17.90100 0.03500
2451676.483200 17.99600 0.04000
2451690.487180 18.04800 0.05000
