2450457.763520 18.58400 0.04000
2450458.747910 18.56000 0.05100
2450459.700670 18.49800 0.03900
2450461.715600 18.90000 0.04400
2450461.838170 18.46400 0.04700
2450462.547980 18.64000 0.04800
2450465.843340 18.55700 0.05200
2450466.702150 18.86900 0.05500
2450467.810030 18.46900 0.04100
2450468.716440 18.51600 0.04000
2450469.723970 18.57400 0.05600
2450470.784310 18.86300 0.08700
2450471.836300 18.56900 0.09900
2450472.761160 18.44000 0.04800
2450473.672980 18.44800 0.05900
2450474.753410 18.82200 0.07900
2450475.646190 18.69500 0.06400
2450476.798400 18.51700 0.06600
2450477.783060 18.48800 0.04600
2450478.590350 18.60000 0.04200
2450479.788780 18.81200 0.06600
2450480.625430 18.68600 0.04500
2450481.610540 18.99400 0.05700
2450482.771510 18.59800 0.05100
2450483.559290 18.59700 0.05600
2450484.557110 18.54500 0.05100
2450485.561700 18.61400 0.04000
2450487.580890 18.59100 0.03700
2450488.545510 18.61500 0.08500
2450488.683870 18.65300 0.04700
2450489.635800 18.70800 0.04100
2450490.606250 19.10200 0.04800
2450491.564400 18.93500 0.05700
2450492.548700 18.67700 0.05200
2450492.623130 18.46600 0.04700
2450493.551760 18.52800 0.04200
2450494.546570 18.50500 0.04500
2450495.548910 18.85200 0.06000
2450496.544420 18.88400 0.07300
2450496.760510 18.58100 0.06300
2450498.543160 18.50200 0.04300
2450499.538650 18.57400 0.05000
2450500.529850 18.97300 0.07600
2450501.530410 18.83200 0.07100
2450507.647950 18.70900 0.07500
2450508.600840 18.80200 0.09400
2450510.538790 18.91200 0.07600
2450511.648370 18.59000 0.05500
2450512.685710 18.97300 0.06800
2450513.677630 18.61800 0.04400
2450514.550770 18.93500 0.05600
2450515.542440 18.57700 0.04600
2450516.545940 18.53200 0.05700
2450517.547440 18.57600 0.05500
2450518.586220 19.02200 0.07500
2450519.536860 18.83800 0.05100
2450521.537730 18.54100 0.05500
2450523.549640 19.10600 0.09300
2450524.528550 18.74200 0.06600
2450526.532000 18.57700 0.05500
2450526.633060 18.90300 0.08600
2450527.529340 18.71300 0.04900
2450530.617320 18.53000 0.08100
2450531.544210 18.58300 0.07200
2450532.529680 18.86800 0.08000
2450533.533170 18.83600 0.07300
2450534.540460 18.51200 0.05900
2450535.654990 18.87800 0.07600
2450552.638300 18.49600 0.04800
2450553.494010 18.60800 0.04900
2450554.552830 18.61800 0.06300
2450561.553270 18.54200 0.05200
2450566.488830 18.68100 0.05000
2450567.489630 18.46200 0.03900
2450569.484060 18.75400 0.06000
2450571.538280 18.48300 0.04300
2450572.494510 18.42300 0.05200
2450573.502090 18.63600 0.06200
2450574.530810 18.90100 0.05500
2450575.514190 18.53800 0.06000
2450577.468420 18.51700 0.06500
2450578.481480 18.74000 0.05200
2450583.466570 18.78700 0.05600
2450673.856460 18.76900 0.04100
2450689.842630 18.61600 0.04800
2450699.829760 18.48200 0.05500
2450701.874610 19.08800 0.08900
2450704.818520 18.54200 0.05200
2450706.822450 18.94700 0.08600
2450707.871870 18.56100 0.09000
2450712.894240 18.55000 0.05100
2450715.859640 18.97500 0.06200
2450720.814490 18.86600 0.06600
2450726.879690 18.49800 0.03700
2450728.843820 18.70500 0.04300
2450729.826180 19.00900 0.06700
2450733.878490 18.93200 0.11400
2450742.818970 18.61000 0.04700
2450745.750470 18.61000 0.03800
2450747.807220 18.74500 0.04500
2450748.762010 18.91500 0.06100
2450750.854860 18.54600 0.05100
2450751.747410 18.59600 0.05800
2450755.705910 18.58100 0.06400
2450759.775200 18.54900 0.04000
2450760.827370 18.61700 0.04500
2450763.823340 18.57300 0.04800
2450771.842810 18.60100 0.04700
2450775.834800 18.98400 0.05200
2450778.801290 18.53500 0.06200
2450780.832130 18.71700 0.05000
2450787.839840 18.58900 0.04900
2450792.773830 18.54200 0.04600
2450796.789740 18.51400 0.05400
2450798.806990 19.08300 0.07900
2450816.815420 19.06000 0.07500
2450817.804850 18.81300 0.05400
2450822.763000 18.82400 0.04300
2450826.631220 18.51900 0.04500
2450827.741920 18.69100 0.04400
2450830.822080 19.01200 0.08800
2450831.667360 18.57200 0.05900
2450832.798320 18.52700 0.04100
2450833.699760 18.55900 0.03100
2450834.790800 18.77700 0.07700
2450837.796710 18.49000 0.03100
2450839.622470 18.56600 0.04900
2450841.805740 18.47300 0.04600
2450843.728800 18.58800 0.03800
2450844.677920 18.58500 0.04700
2450850.698720 18.85400 0.06500
2450854.720760 19.10900 0.09000
2450855.767240 18.60200 0.10100
2450856.712320 18.49600 0.07300
2450858.632170 18.63400 0.06800
2450860.723420 18.58100 0.06100
2450864.718380 18.61900 0.07500
2450874.731400 18.61700 0.04200
2450876.647710 18.43700 0.03800
2450879.607550 18.89100 0.06100
2450881.539530 18.58700 0.05200
2450887.621710 18.76300 0.07300
2450892.586630 18.77700 0.05700
2450895.567330 18.53500 0.05500
2450895.583940 18.51900 0.04300
2450900.536290 18.48200 0.05000
2450918.572240 18.64300 0.08400
2450920.537420 18.84100 0.07800
2450925.489620 18.71800 0.08300
2450933.503750 18.46300 0.04900
2450951.516730 18.51300 0.04000
2451040.910070 18.64400 0.05100
2451051.905920 18.60000 0.05400
2451065.866480 18.67300 0.05900
2451068.828560 18.68000 0.05700
2451069.819010 18.53000 0.03800
2451071.836180 18.75800 0.06500
2451077.875590 18.58600 0.03400
2451079.783340 18.49100 0.03800
2451083.797040 18.53600 0.04600
2451088.861760 18.55700 0.05100
2451093.858430 18.58000 0.04400
2451102.836420 18.54000 0.02800
2451107.819300 18.61000 0.05000
2451113.833120 19.04800 0.05900
2451119.765930 18.75400 0.05100
2451126.737400 18.49400 0.04400
2451130.703510 18.55800 0.04700
2451132.712060 18.60300 0.04500
2451136.831320 19.14900 0.05600
2451142.723310 18.95500 0.04400
2451151.818450 18.65000 0.04400
2451154.826990 19.08800 0.07300
2451157.778550 18.47400 0.05500
2451161.776560 18.59000 0.03300
2451163.748110 18.54900 0.04300
2451170.832550 18.51500 0.04100
2451174.815180 18.57000 0.03600
2451178.732210 18.98400 0.06100
2451181.698780 18.47200 0.04800
2451185.781350 18.46600 0.03700
2451187.733300 18.95400 0.06500
2451189.797770 18.49100 0.03700
2451192.717350 19.08200 0.05300
2451196.593410 18.55100 0.07700
2451202.655240 19.02300 0.06200
2451204.760620 18.61300 0.04400
2451207.654030 19.05600 0.07300
2451211.734490 18.70500 0.06100
2451214.750970 18.72000 0.05500
2451217.712100 18.53400 0.03900
2451219.696780 18.63300 0.04900
2451223.604260 18.58200 0.04400
2451226.699190 18.49400 0.04500
2451230.647570 19.05200 0.06500
2451234.573990 18.59700 0.05100
2451238.577540 18.56000 0.07100
2451239.710200 18.61800 0.06600
2451241.686800 18.51200 0.05200
2451243.544670 18.53400 0.05300
2451245.513250 18.95700 0.08000
2451253.592430 18.89400 0.07600
2451256.571710 18.44200 0.04500
2451259.622780 18.51600 0.04100
2451261.567790 18.47700 0.04200
2451265.585460 18.50200 0.04800
2451268.570370 18.93000 0.08200
2451276.523790 18.59100 0.05000
2451279.518310 18.50200 0.05300
2451288.551840 18.50800 0.05200
2451291.582880 18.70800 0.05000
2451296.556260 18.76000 0.06800
2451300.502600 18.78700 0.07900
2451305.477050 18.74800 0.07400
2451308.511800 18.57700 0.05000
2451313.487320 18.58800 0.06300
2451317.514930 18.54000 0.06000
2451320.476870 18.69000 0.06000
2451330.479610 18.51600 0.06900
2451333.484390 18.91500 0.09900
2451336.462930 18.58100 0.08100
2451397.908350 18.54100 0.05100
2451412.885980 18.45200 0.04700
2451431.800890 18.48500 0.03800
2451432.886230 18.93500 0.08000
2451435.846270 18.49000 0.04500
2451437.839100 18.90400 0.05700
2451440.877730 18.54100 0.05300
2451443.875650 18.55500 0.04800
2451447.798770 18.84700 0.08800
2451449.840470 18.44000 0.06200
2451454.754640 18.56100 0.06200
2451455.878310 18.94300 0.08000
2451458.792280 18.52200 0.04800
2451459.859640 18.82400 0.05700
2451462.730860 18.99600 0.07300
2451470.811860 18.83400 0.04700
2451475.810590 18.69700 0.05400
2451477.697450 18.61400 0.05400
2451479.737670 18.67400 0.05500
2451484.753090 19.08500 0.07800
2451487.794710 18.61400 0.05100
2451491.709170 18.52600 0.04800
2451493.818460 18.82000 0.06000
2451496.604280 19.00100 0.07900
2451498.746810 18.95400 0.06400
2451501.830890 18.82400 0.04500
2451503.725650 18.93100 0.07500
2451505.832250 18.68800 0.06300
2451507.779380 18.91500 0.08100
2451511.652090 18.48800 0.04000
2451514.699160 18.60200 0.05000
2451517.688690 18.91700 0.04900
2451519.691070 18.57600 0.04700
2451521.713750 18.83500 0.04900
2451522.691350 19.11700 0.08100
2451523.747790 18.44100 0.07200
2451525.724440 18.69900 0.04400
2451527.811600 18.52500 0.04300
2451528.714040 18.50100 0.03600
2451531.731690 18.85200 0.06100
2451538.688380 18.49700 0.04200
2451541.644480 18.91600 0.04200
2451542.744380 18.53600 0.04300
2451544.701170 18.82300 0.04200
2451547.727240 18.59000 0.03400
2451548.704640 18.69600 0.03900
2451549.769980 18.64000 0.04000
2451551.733850 18.51700 0.03500
2451552.667110 18.54000 0.04100
2451554.760080 18.55400 0.03500
2451555.696880 18.68100 0.05000
2451556.667560 18.50000 0.03800
2451562.699910 18.78300 0.06100
2451564.578530 18.79000 0.07300
2451564.674590 18.64800 0.06900
2451567.632020 18.54900 0.04400
2451570.729450 18.59600 0.04200
2451574.725090 18.44700 0.03300
2451576.624830 18.56800 0.04800
2451578.726410 18.50100 0.05400
2451581.640290 18.63600 0.04300
2451584.618810 18.47700 0.04800
2451587.606630 18.94200 0.05900
2451590.613740 18.57100 0.04200
2451595.686370 18.90700 0.07500
2451599.697720 19.16600 0.09000
2451600.672240 18.84900 0.10000
2451604.522900 18.49300 0.04900
2451606.536650 19.04700 0.06800
2451609.555900 18.52900 0.05000
2451610.600130 19.06600 0.07300
2451611.631570 18.52900 0.04500
2451612.525930 18.68100 0.04800
2451613.617340 18.58100 0.05400
2451614.518180 18.49000 0.03700
2451615.523090 18.77400 0.04900
2451616.537470 18.76400 0.05000
2451617.522450 18.58800 0.04300
2451618.529110 18.55400 0.05200
2451619.578220 18.88500 0.07300
2451620.599270 18.72700 0.06700
2451621.517400 18.73600 0.06200
2451622.584810 18.53000 0.05100
2451623.539730 18.63000 0.05900
2451624.547370 18.91100 0.07200
2451625.559320 18.74200 0.07100
2451626.651820 18.55600 0.04200
2451627.566960 18.60400 0.07700
2451628.505900 18.56200 0.05500
2451630.532780 18.78100 0.08400
2451631.530480 18.51800 0.04400
2451632.575740 18.58900 0.04700
2451633.521290 18.67100 0.05200
2451634.560910 18.71500 0.05200
2451635.529170 18.66600 0.05500
2451643.549940 18.94500 0.09600
2451644.579590 18.45600 0.04200
2451650.510480 18.60000 0.09100
2451653.586450 18.49000 0.05800
2451656.567050 19.01000 0.08200
2451658.544500 18.59400 0.05700
2451660.569750 18.70800 0.09000
2451663.500000 18.49100 0.04400
2451665.516160 18.61300 0.07500
2451671.512060 18.88400 0.08500
2451676.506570 18.78600 0.08300
2451684.506540 18.84500 0.12600
2451694.508110 18.85000 0.09400
