2450455.661320 15.77800 0.00900
2450455.737650 15.65100 0.00900
2450455.785220 15.57800 0.00900
2450456.605330 15.53600 0.00900
2450456.655080 15.53200 0.01000
2450456.725830 15.62800 0.01000
2450456.773260 15.72400 0.00900
2450456.824680 15.78800 0.01000
2450457.573010 15.78200 0.01000
2450457.616970 15.74800 0.00900
2450457.675600 15.61900 0.00900
2450457.734190 15.54500 0.00900
2450457.792830 15.52200 0.00900
2450458.649410 15.63800 0.00900
2450458.718480 15.77800 0.01000
2450459.566620 15.66800 0.01000
2450459.612790 15.57900 0.00900
2450459.671360 15.52900 0.00900
2450459.730780 15.53600 0.00900
2450459.774650 15.59000 0.00900
2450459.818460 15.67000 0.00900
2450461.577510 15.53400 0.00900
2450461.621300 15.53300 0.00900
2450461.679970 15.58700 0.00900
2450461.746100 15.70100 0.00900
2450461.808120 15.78500 0.01000
2450462.578060 15.77500 0.00900
2450462.636690 15.66500 0.00900
2450462.682660 15.59300 0.00900
2450465.681520 15.71500 0.01100
2450465.729200 15.61100 0.01000
2450465.813980 15.53200 0.00900
2450466.665220 15.59200 0.00900
2450466.731750 15.71000 0.00900
2450466.816750 15.75400 0.01000
2450467.668900 15.57500 0.00900
2450467.773480 15.53800 0.00900
2450467.839450 15.62500 0.01000
2450468.679810 15.78600 0.01000
2450468.745750 15.71200 0.00900
2450468.804360 15.59100 0.00900
2450468.840930 15.54900 0.00800
2450469.676490 15.52400 0.01000
2450469.754580 15.62200 0.00900
2450469.813490 15.74400 0.01000
2450470.751210 15.56500 0.01000
2450471.662280 15.61400 0.01000
2450471.799070 15.74400 0.01100
2450472.636950 15.59800 0.00900
2450472.680740 15.54300 0.00900
2450472.724540 15.52100 0.01000
2450472.790480 15.57100 0.01000
2450474.716460 15.59400 0.00900
2450475.550820 15.72300 0.01000
2450475.609620 15.78400 0.01000
2450475.675740 15.63900 0.01100
2450475.727870 15.56700 0.01000
2450476.761880 15.77500 0.01100
2450477.547580 15.75000 0.00900
2450477.598870 15.63300 0.00900
2450477.746350 15.55400 0.00900
2450477.827210 15.67900 0.01000
2450478.553730 15.60500 0.01000
2450478.774120 15.59100 0.00900
2450478.833060 15.53600 0.00900
2450479.552550 15.57500 0.00900
2450479.596440 15.53200 0.00900
2450479.834060 15.75100 0.01100
2450480.588610 15.78500 0.01000
2450480.669760 15.62500 0.00900
2450480.763340 15.52800 0.00900
2450480.807470 15.54400 0.00900
2450481.573780 15.55000 0.00900
2450481.722160 15.79200 0.00900
2450481.766140 15.74900 0.01100
2450481.810090 15.65000 0.00900
2450482.723020 15.54700 0.00900
2450482.800930 15.64900 0.00800
2450483.589290 15.69800 0.01100
2450483.633760 15.79200 0.01000
2450483.677600 15.75400 0.01000
2450483.721590 15.64800 0.01000
2450483.765500 15.58200 0.01000
2450483.809420 15.54600 0.01000
2450484.587970 15.52600 0.00900
2450484.696650 15.62900 0.00900
2450484.741000 15.70900 0.00900
2450484.785020 15.79100 0.01000
2450485.591600 15.75700 0.00900
2450485.738550 15.54100 0.00900
2450485.782660 15.54400 0.00900
2450486.588130 15.58700 0.01000
2450486.633700 15.66000 0.00900
2450486.730200 15.78300 0.01000
2450486.775390 15.67100 0.00900
2450487.615090 15.56300 0.00900
2450487.663350 15.52500 0.00900
2450487.711180 15.55100 0.00900
2450487.755280 15.61400 0.00900
2450487.799440 15.69700 0.01000
2450488.600570 15.76900 0.00900
2450488.644530 15.77700 0.00900
2450488.757380 15.58300 0.00900
2450488.801460 15.54100 0.01000
2450489.576320 15.54100 0.00900
2450489.665310 15.60300 0.00900
2450489.709200 15.68400 0.00900
2450489.753150 15.77300 0.00900
2450490.569550 15.76900 0.00900
2450490.706740 15.55500 0.00900
2450490.750850 15.54400 0.00900
2450490.794850 15.58200 0.00900
2450491.594050 15.62100 0.00900
2450491.645870 15.73700 0.01000
2450491.690010 15.80500 0.00900
2450491.803430 15.60500 0.00900
2450492.578240 15.58500 0.01000
2450492.652560 15.53800 0.00900
2450493.625760 15.77900 0.00900
2450494.576000 15.53600 0.00900
2450494.619920 15.55800 0.00900
2450494.664150 15.62900 0.01000
2450494.708480 15.71200 0.00900
2450494.753450 15.80900 0.01000
2450495.578800 15.69900 0.01100
2450495.652440 15.57600 0.01000
2450495.705920 15.52700 0.01000
2450496.574180 15.62400 0.00900
2450496.618970 15.70000 0.01000
2450496.663040 15.79500 0.01200
2450496.707950 15.75700 0.01200
2450498.573250 15.78900 0.00900
2450498.617290 15.77800 0.00900
2450498.731040 15.56500 0.00900
2450498.774980 15.52800 0.00900
2450499.568210 15.53800 0.00900
2450499.613920 15.56900 0.00900
2450499.754220 15.78800 0.01100
2450500.552030 15.72800 0.01300
2450500.610920 15.62300 0.01100
2450500.655820 15.56000 0.01000
2450500.706960 15.53200 0.01000
2450500.751430 15.55600 0.01200
2450501.575110 15.64300 0.01000
2450501.693850 15.74500 0.01200
2450507.563550 15.54000 0.00900
2450507.608720 15.52700 0.01100
2450507.680540 15.60300 0.01200
2450509.559370 15.55400 0.00900
2450509.606470 15.60900 0.01000
2450509.658800 15.71000 0.01100
2450510.601030 15.56400 0.00900
2450510.646600 15.54400 0.01000
2450510.694170 15.53300 0.01000
2450511.686480 15.68500 0.01100
2450512.593160 15.51900 0.00800
2450512.641470 15.55900 0.01200
2450512.715800 15.71100 0.00900
2450513.573440 15.73900 0.00900
2450513.619010 15.64500 0.00900
2450513.710720 15.52900 0.00800
2450514.581670 15.60400 0.00900
2450514.650770 15.74700 0.01000
2450514.701100 15.78200 0.00900
2450514.747980 15.68300 0.00900
2450515.575830 15.57800 0.00900
2450515.630570 15.53500 0.00900
2450515.678820 15.54000 0.00900
2450516.582130 15.77800 0.01100
2450516.636350 15.75200 0.01000
2450516.683320 15.63600 0.00900
2450516.729820 15.56200 0.01000
2450517.580140 15.53000 0.00900
2450517.629960 15.57400 0.01000
2450517.679950 15.65500 0.01000
2450517.726100 15.76700 0.01000
2450518.617480 15.62300 0.01000
2450518.662720 15.56400 0.01000
2450518.711800 15.53400 0.01100
2450519.578090 15.63800 0.00900
2450519.624730 15.73500 0.01100
2450519.707150 15.74900 0.01100
2450520.718890 15.62500 0.01100
2450521.574400 15.79300 0.01200
2450521.619520 15.77900 0.01100
2450521.682300 15.62500 0.01200
2450523.583590 15.65800 0.01000
2450523.636280 15.56100 0.00900
2450523.686160 15.53600 0.01000
2450524.575970 15.65900 0.01100
2450524.625980 15.77200 0.01200
2450526.563080 15.78400 0.01400
2450527.688220 15.75000 0.01100
2450530.578350 15.53500 0.01200
2450531.575780 15.75400 0.01100
2450532.565240 15.56200 0.01000
2450533.582470 15.58900 0.01100
2450534.571680 15.72800 0.01500
2450534.615800 15.77500 0.01100
2450534.667560 15.70400 0.01200
2450535.556270 15.53800 0.00900
2450535.616570 15.54500 0.01000
2450536.535430 15.79900 0.01000
2450536.580610 15.72100 0.01100
2450536.631110 15.61600 0.01000
2450537.529990 15.54100 0.00900
2450537.630200 15.70000 0.01000
2450537.677040 15.80500 0.01400
2450538.517990 15.67100 0.01100
2450538.569740 15.58100 0.00900
2450539.526630 15.66200 0.01000
2450539.637740 15.74100 0.01000
2450539.681800 15.63600 0.00900
2450541.537010 15.77800 0.01000
2450541.594040 15.65200 0.00900
2450542.526100 15.55700 0.00900
2450542.577990 15.63900 0.00900
2450542.625460 15.73900 0.00900
2450542.669600 15.80100 0.01200
2450543.564330 15.56200 0.00900
2450543.608390 15.52800 0.00900
2450543.645440 15.54600 0.00900
2450544.517110 15.68500 0.01000
2450544.561400 15.78500 0.01000
2450544.605680 15.77500 0.01000
2450544.650890 15.67600 0.01000
2450551.506850 15.77300 0.01000
2450552.518310 15.60200 0.01000
2450553.523600 15.57400 0.00900
2450554.500370 15.72900 0.01000
2450554.585820 15.72900 0.01100
2450555.506670 15.52900 0.01000
2450557.607260 15.80700 0.01200
2450558.554030 15.53800 0.01400
2450559.537860 15.78600 0.01000
2450560.515880 15.54400 0.01000
2450561.515920 15.66200 0.01000
2450562.517480 15.66000 0.01000
2450564.518650 15.79800 0.01000
2450565.524470 15.57000 0.01000
2450566.518450 15.62000 0.00900
2450567.519500 15.70200 0.00900
2450568.504760 15.54500 0.01200
2450569.514560 15.76700 0.01100
2450571.500390 15.62700 0.00900
2450572.530420 15.77400 0.01000
2450574.492240 15.77200 0.01000
2450575.490820 15.57600 0.01100
2450577.499810 15.74500 0.01000
2450578.513320 15.53200 0.00900
2450582.495510 15.75800 0.01100
2450583.498260 15.54100 0.00900
2450672.883710 15.66700 0.00900
2450689.867700 15.70300 0.00900
2450699.868910 15.62200 0.00900
2450701.834510 15.56000 0.01000
2450704.877020 15.58700 0.01000
2450706.858440 15.53900 0.01000
2450714.825900 15.60300 0.00800
2450716.790480 15.54400 0.00900
2450720.846820 15.79800 0.00900
2450728.785640 15.59600 0.00900
2450729.785670 15.58700 0.00900
2450730.741220 15.65800 0.00900
2450733.832230 15.73300 0.01200
2450741.835470 15.62600 0.01000
2450745.790310 15.75500 0.00900
2450747.838700 15.54100 0.00900
2450753.792570 15.77700 0.01000
2450759.827110 15.59600 0.00900
2450766.801280 15.75300 0.01100
2450772.820360 15.55500 0.00900
2450775.802110 15.55100 0.00800
2450779.820760 15.73300 0.00900
2450787.797150 15.58200 0.00800
2450789.781170 15.71300 0.00900
2450790.791630 15.52700 0.01000
2450795.749270 15.53800 0.00800
2450796.821160 15.63100 0.00900
2450797.748920 15.57100 0.00800
2450798.720880 15.66000 0.00800
2450805.805790 15.58700 0.01000
2450816.776800 15.58900 0.00900
2450817.696020 15.59800 0.00800
2450819.795710 15.67300 0.00900
2450822.809910 15.77200 0.00800
2450824.839210 15.56500 0.00800
2450826.662640 15.74400 0.00900
2450829.733270 15.73200 0.01000
2450832.689480 15.68100 0.00900
2450836.788310 15.53200 0.01000
2450840.667670 15.58100 0.01000
2450843.668130 15.53000 0.00800
2450850.641710 15.56900 0.00900
2450854.679510 15.65900 0.00900
2450855.646430 15.61000 0.01200
2450856.612770 15.62800 0.00900
2450858.585330 15.54900 0.00900
2450864.735410 15.54800 0.01100
2450866.647440 15.55800 0.01200
2450875.560660 15.58900 0.00800
2450880.546240 15.59500 0.00900
2450887.559540 15.79900 0.01000
2450892.687810 15.56300 0.00900
2450895.533950 15.65600 0.01000
2450898.540800 15.57000 0.00800
2450918.527950 15.66300 0.01400
2450922.608150 15.53800 0.00900
2450928.534130 15.76900 0.01100
2450931.556040 15.66800 0.01100
2450933.565790 15.76500 0.00800
2450947.505450 15.54500 0.01100
2450952.499250 15.53900 0.00900
2451045.893850 15.68100 0.00900
2451051.874100 15.65300 0.01000
2451052.909300 15.53000 0.00900
2451053.889520 15.78300 0.00900
2451054.905220 15.59800 0.00900
2451055.877700 15.64600 0.00900
2451059.890460 15.60100 0.01000
2451061.900230 15.77800 0.01100
2451068.898310 15.64400 0.00800
2451076.869620 15.78900 0.00900
2451081.872740 15.76300 0.01000
2451087.819800 15.55100 0.00900
2451091.822320 15.78800 0.01100
2451102.804720 15.58800 0.00700
2451106.859760 15.60600 0.00800
2451107.787530 15.59200 0.00800
2451113.800310 15.55400 0.00800
2451119.805040 15.76800 0.00900
2451126.861100 15.53200 0.00800
2451131.698860 15.73200 0.01100
2451132.750870 15.68200 0.00800
2451136.784170 15.55400 0.00800
2451138.808280 15.57400 0.00800
2451142.675310 15.61300 0.00800
2451144.744220 15.70300 0.00800
2451151.770060 15.54000 0.00800
2451155.769360 15.74100 0.00800
2451158.766900 15.59700 0.00800
2451161.744820 15.53300 0.00800
2451165.765560 15.79100 0.00900
2451169.760430 15.54700 0.00900
2451174.734270 15.54700 0.00800
2451179.751080 15.52900 0.00800
2451181.823140 15.70600 0.00900
2451186.777570 15.66300 0.00800
2451187.838840 15.54900 0.00800
2451189.847640 15.66200 0.00800
2451196.717580 15.61600 0.00900
2451201.726400 15.66200 0.01000
2451203.746270 15.75300 0.01000
2451207.603190 15.70200 0.01200
2451211.640930 15.58300 0.00900
2451214.641810 15.52100 0.01000
2451217.616690 15.60300 0.00900
2451220.621520 15.71600 0.00900
2451223.647750 15.79400 0.00900
2451225.588680 15.75700 0.00900
2451227.669190 15.52100 0.00900
2451231.565100 15.57300 0.01000
2451234.613340 15.56100 0.00900
2451236.620820 15.70900 0.01200
2451240.573290 15.67100 0.01000
2451242.675000 15.57300 0.01000
2451244.624600 15.62900 0.00900
2451247.555170 15.55200 0.01000
2451252.671040 15.62800 0.01400
2451256.539890 15.69400 0.01200
2451260.565380 15.56800 0.00900
2451265.540350 15.57400 0.00900
2451273.586240 15.58900 0.01100
2451277.522510 15.54500 0.01000
2451281.566280 15.69700 0.01100
2451288.520790 15.59500 0.01100
2451290.588190 15.59100 0.01000
2451296.525540 15.66400 0.01000
2451298.563450 15.53000 0.01000
2451301.505180 15.67600 0.01100
2451305.550980 15.61400 0.01000
2451308.480490 15.55700 0.01000
2451313.526990 15.53400 0.01100
2451316.518860 15.55500 0.00500
2451319.495130 15.71800 0.01000
2451329.504210 15.62500 0.01100
2451332.479470 15.80600 0.01300
2451340.466620 15.70300 0.01200
2451412.853480 15.61500 0.01000
2451418.850710 15.53800 0.01000
2451430.905230 15.71900 0.01000
2451432.839050 15.76600 0.01100
2451435.815080 15.58600 0.01200
2451437.798970 15.71100 0.01200
2451440.846620 15.68400 0.01100
2451446.858710 15.52500 0.01100
2451447.884240 15.67400 0.01200
2451451.868510 15.54000 0.01000
2451455.847310 15.77700 0.01200
2451459.785980 15.63500 0.01100
2451462.790250 15.77000 0.01000
2451470.850630 15.74800 0.00900
2451475.763240 15.76300 0.00900
2451478.718610 15.57300 0.01100
2451481.692280 15.54600 0.01000
2451487.721680 15.71800 0.00900
2451490.718500 15.76500 0.01000
2451492.711630 15.68600 0.00900
2451495.710120 15.79600 0.00900
2451499.667900 15.58500 0.01100
2451502.663130 15.72900 0.01000
2451505.703730 15.77600 0.01000
2451507.837190 15.55400 0.00900
2451510.813160 15.55100 0.00900
2451512.709940 15.58500 0.01000
2451514.821030 15.69600 0.01000
2451517.656500 15.63100 0.00900
2451519.730140 15.56500 0.00900
2451521.665890 15.58900 0.00900
2451523.786650 15.63700 0.01000
2451525.781000 15.54500 0.00900
2451527.709960 15.53000 0.00900
2451528.756300 15.65200 0.00900
2451529.777400 15.71200 0.00900
2451531.770510 15.77000 0.00900
2451538.727050 15.65400 0.00900
2451541.683140 15.77000 0.00900
2451542.713010 15.55300 0.00900
2451544.639030 15.56600 0.00900
2451547.765970 15.66300 0.00900
2451548.743560 15.56700 0.00800
2451549.737820 15.78100 0.00900
2451552.602550 15.52900 0.00800
2451554.729040 15.79300 0.00900
2451555.735750 15.54800 0.00800
2451562.738700 15.72200 0.01100
2451564.617270 15.62800 0.01000
2451567.709860 15.69300 0.01000
2451570.615210 15.53900 0.00900
2451574.757140 15.64000 0.00800
2451577.706810 15.75500 0.00900
2451580.742880 15.69500 0.00900
2451583.628250 15.55600 0.00900
2451585.750130 15.74900 0.00900
2451589.633070 15.78700 0.00900
2451592.624850 15.69000 0.00900
2451595.670760 15.65500 0.01000
2451599.612390 15.74900 0.00900
2451601.688410 15.53100 0.01000
2451604.569960 15.78000 0.01000
2451606.604830 15.57600 0.00900
2451609.646190 15.60400 0.00900
2451610.631310 15.68900 0.00900
2451613.522340 15.56100 0.01000
2451615.554300 15.59100 0.01000
2451617.625660 15.74900 0.00900
2451619.609320 15.61100 0.01000
2451620.560500 15.61600 0.01000
2451622.510660 15.69000 0.01000
2451624.507220 15.77400 0.01100
2451626.508040 15.60800 0.01000
2451627.629150 15.66500 0.01100
2451629.508180 15.74800 0.01000
2451630.589570 15.76100 0.00900
2451632.526120 15.77900 0.01000
2451634.503840 15.69600 0.00900
2451643.495780 15.54800 0.00900
2451646.494740 15.55000 0.01300
2451650.565950 15.77600 0.01500
2451654.533180 15.55200 0.01000
2451656.519390 15.54800 0.00900
2451659.526860 15.53300 0.01000
2451661.550830 15.60400 0.00900
2451663.576430 15.79300 0.00900
2451667.517700 15.59400 0.01000
2451670.539450 15.67600 0.01000
2451673.509900 15.75600 0.01300
2451681.479830 15.60700 0.01300
2451691.527750 15.77500 0.00900
2451694.484300 15.57800 0.01100
