2450726.815110 17.75200 0.02300
2450728.878940 17.83000 0.02900
2450739.848920 17.42700 0.03200
2450744.757240 17.60500 0.02600
2450745.841860 17.49000 0.02000
2450746.827750 17.54000 0.02200
2450747.723180 17.65500 0.02600
2450748.675220 17.48100 0.02200
2450750.788150 17.74800 0.02600
2450751.788920 17.61400 0.02500
2450752.846750 17.74800 0.02600
2450755.770960 17.46400 0.02400
2450759.696830 17.45000 0.02000
2450761.778030 17.38100 0.02200
2450766.827720 17.42800 0.02800
2450773.783270 17.79900 0.02900
2450776.808460 17.67500 0.02600
2450778.837870 17.63000 0.03400
2450780.768820 17.43900 0.02200
2450782.797460 17.44300 0.02200
2450788.824880 17.39300 0.01900
2450792.734920 17.60000 0.02700
2450795.820240 17.55400 0.02200
2450798.744530 17.67400 0.02400
2450817.742760 17.58600 0.02200
2450819.819410 17.49700 0.02700
2450824.690100 17.48000 0.02600
2450826.782750 17.57000 0.02900
2450827.679510 17.44000 0.02000
2450828.739170 17.45500 0.02300
2450829.686780 17.43800 0.02300
2450832.564760 17.51000 0.02100
2450832.751760 17.42700 0.02100
2450833.571330 17.56900 0.02400
2450834.705980 17.44500 0.02100
2450835.793070 17.44400 0.01900
2450837.654970 17.54500 0.01900
2450839.653380 17.71300 0.02800
2450841.742400 17.52800 0.02200
2450842.732360 17.61600 0.02600
2450844.587250 17.47200 0.02400
2450846.759190 17.81300 0.02900
2450850.750010 17.50800 0.02400
2450854.767230 17.47300 0.03600
2450855.696910 17.41900 0.04300
2450856.658900 17.40700 0.02900
2450857.717570 17.42600 0.03100
2450858.680740 17.42900 0.02600
2450859.747480 17.41800 0.02400
2450860.640430 17.48100 0.02500
2450865.557720 17.56900 0.03500
2450867.612840 17.57900 0.02600
2450874.676490 17.45900 0.01700
2450876.592550 17.37600 0.01700
2450876.695030 17.44600 0.01900
2450878.682580 17.39400 0.02300
2450880.616880 17.43500 0.02300
2450885.575990 17.74900 0.04800
2450887.661100 17.57000 0.03200
2450890.684720 17.68700 0.04000
2450892.531490 17.48400 0.02300
2450893.697720 17.84600 0.04200
2450896.499440 17.43900 0.02400
2450900.552910 17.40700 0.02600
2450919.554800 17.50400 0.03500
2450925.507870 17.45000 0.06000
2450934.514680 17.81100 0.04300
2450950.507900 17.50200 0.02600
2450951.501410 17.45600 0.02200
2451072.891040 17.53900 0.02100
2451079.799430 17.40300 0.02000
2451080.803010 17.43300 0.01800
2451083.813550 17.44000 0.02300
2451084.808990 17.43100 0.02000
2451086.837010 17.41400 0.02000
2451090.764680 17.52900 0.02900
2451091.872490 17.44100 0.02500
2451092.815070 17.49100 0.02300
2451093.827140 17.50500 0.02200
2451106.756060 17.40500 0.01800
2451108.777060 17.42800 0.02000
2451114.786490 17.48500 0.01600
2451119.829730 17.57200 0.02200
2451120.734270 17.73500 0.03200
2451126.754070 17.46000 0.02300
2451129.818370 17.45700 0.02000
2451137.796080 17.44400 0.01900
2451138.837390 17.41400 0.01900
2451142.764060 17.68900 0.01900
2451152.721670 17.41700 0.02700
2451154.737190 17.40300 0.02000
2451155.693420 17.38700 0.02500
2451161.816990 17.46700 0.02200
2451163.818880 17.44700 0.04300
2451164.833790 17.44800 0.01800
2451166.751270 17.66500 0.03000
2451167.777490 17.64600 0.03300
2451168.760130 17.76700 0.03200
2451171.729030 17.52800 0.01900
2451175.726390 17.44600 0.01900
2451179.775780 17.44400 0.02600
2451181.739270 17.40100 0.02300
2451183.824170 17.44500 0.02200
2451185.821540 17.40400 0.01900
2451187.776850 17.47900 0.02000
2451189.713280 17.66300 0.02100
2451191.751970 17.65300 0.02100
2451192.810760 17.57100 0.01800
2451193.802680 17.66900 0.02100
2451194.678320 17.51100 0.02100
2451202.760930 17.43700 0.02300
2451204.682530 17.45900 0.02500
2451206.782700 17.44000 0.02500
2451207.692930 17.45900 0.02600
2451211.669450 17.64300 0.03000
2451213.632880 17.77700 0.03000
2451214.711620 17.70200 0.03200
2451215.537710 17.47900 0.02400
2451216.605790 17.50300 0.02200
2451217.673400 17.58500 0.02700
2451219.610630 17.50700 0.02800
2451221.581260 17.44700 0.02500
2451223.671410 17.46400 0.02200
2451224.551090 17.45900 0.02500
2451226.559340 17.47000 0.02100
2451227.566400 17.46700 0.02100
2451232.655990 17.48200 0.02200
2451235.557150 17.67800 0.02900
2451237.541080 17.54600 0.04100
2451238.643100 17.82700 0.04100
2451241.543320 17.45000 0.02600
2451242.614320 17.46200 0.02500
2451243.560430 17.46800 0.02600
2451245.528990 17.44800 0.02800
2451247.663360 17.49800 0.02500
2451248.631090 17.40300 0.02800
2451251.585650 17.53700 0.03400
2451254.539510 17.63800 0.03300
2451255.572520 17.60200 0.03300
2451257.604170 17.63300 0.03000
2451260.590230 17.78700 0.02600
2451264.580640 17.45100 0.02900
2451266.582380 17.50000 0.03400
2451267.598500 17.50100 0.03100
2451274.581530 17.50200 0.03300
2451275.520900 17.49700 0.02700
2451278.503540 17.71600 0.03300
2451281.511610 17.77500 0.03800
2451290.481340 17.46300 0.03500
2451296.572210 17.41600 0.02800
2451300.518330 17.48500 0.03300
2451305.496750 17.83100 0.03400
2451308.527750 17.71900 0.03000
2451315.486960 17.39800 0.03100
2451318.469640 17.47300 0.03300
2451329.455280 17.74200 0.04300
2451331.474280 17.67200 0.03900
2451431.817630 17.42800 0.02100
2451433.814200 17.44700 0.02400
2451435.862100 17.44300 0.02400
2451437.854820 17.47000 0.02300
2451440.893790 17.47200 0.02600
2451443.785120 17.81800 0.04300
2451447.758870 17.50200 0.03700
2451448.849640 17.67800 0.03200
2451453.769660 17.39500 0.04100
2451454.885680 17.51700 0.03300
2451455.767810 17.41600 0.03900
2451458.753780 17.50900 0.03400
2451459.875340 17.44100 0.02100
2451460.755960 17.52100 0.02800
2451461.721690 17.66600 0.02900
2451471.732150 17.49400 0.02600
2451475.826570 17.48500 0.02300
2451481.813490 17.45000 0.02400
2451484.817800 17.43800 0.01900
2451487.810590 17.47800 0.02400
2451488.858650 17.47700 0.02200
2451491.749340 17.80300 0.03700
2451493.691250 17.53000 0.02500
2451495.734680 17.52700 0.02200
2451498.655850 17.44200 0.02600
2451500.796380 17.46300 0.01900
2451503.686680 17.45100 0.02900
2451505.793520 17.42000 0.02400
2451507.689520 17.51600 0.02800
2451508.806160 17.45000 0.02200
2451509.667660 17.73200 0.02700
2451510.633180 17.81500 0.02500
2451511.715840 17.70900 0.02700
2451512.749850 17.65300 0.03000
2451514.764320 17.69900 0.02800
2451516.810100 17.68400 0.02600
2451517.842010 17.63700 0.02200
2451518.681950 17.47900 0.02200
2451520.707260 17.47300 0.02200
2451522.707950 17.43100 0.02400
2451523.708120 17.44000 0.02900
2451525.684060 17.39900 0.02600
2451527.749400 17.44500 0.02000
2451528.675330 17.48300 0.02100
2451529.800780 17.44500 0.02300
2451531.692720 17.47800 0.02200
2451538.649860 17.58600 0.02500
2451541.605680 17.46700 0.01900
2451542.760030 17.70000 0.02700
2451544.662350 17.45000 0.02100
2451546.671570 17.44200 0.02500
2451546.687040 17.47600 0.03500
2451547.688620 17.43700 0.01800
2451548.665790 17.42600 0.02100
2451551.695150 17.44600 0.01900
2451552.628090 17.51300 0.02200
2451553.651800 17.48600 0.02000
2451554.630400 17.53400 0.02200
2451555.654840 17.47200 0.02300
2451556.629000 17.64900 0.02900
2451560.620740 17.69300 0.02900
2451564.539860 17.46200 0.03300
2451568.616560 17.42200 0.02600
2451571.626210 17.43500 0.02000
2451575.640610 17.45700 0.02200
2451578.680910 17.49500 0.02700
2451580.691700 17.48800 0.02200
2451582.626210 17.73700 0.02700
2451585.617010 17.70000 0.02600
2451588.620230 17.50200 0.02800
2451591.584070 17.44900 0.04800
2451595.577310 17.45800 0.02500
2451599.643320 17.40400 0.02000
2451600.596220 17.51000 0.03200
2451601.603340 17.50900 0.03500
2451602.669810 17.42900 0.02800
2451604.601400 17.60100 0.02500
2451606.558370 17.78000 0.02800
2451609.514590 17.51100 0.02700
2451610.529490 17.48700 0.03100
2451611.589630 17.52200 0.02800
2451613.569970 17.46700 0.02400
2451614.641040 17.46200 0.02600
2451616.498670 17.42500 0.02200
2451618.644200 17.44900 0.02500
2451619.537920 17.41000 0.03100
2451621.534070 17.45200 0.03000
2451623.631230 17.45800 0.03200
2451625.612290 17.44700 0.02800
2451627.582540 17.59800 0.03900
2451628.522430 17.81900 0.03200
2451630.494130 17.64100 0.04700
2451631.491920 17.51900 0.02800
2451633.607350 17.74500 0.02800
2451635.490360 17.46200 0.03100
2451643.566350 17.47100 0.03600
2451644.493350 17.46900 0.02200
2451645.499450 17.47000 0.03100
2451653.484760 17.65200 0.03800
2451655.528730 17.71900 0.03500
2451657.538180 17.57400 0.03100
2451660.513040 17.49500 0.02900
2451662.520390 17.45600 0.02600
2451664.543450 17.39600 0.02400
2451669.513370 17.45200 0.02800
2451672.486030 17.59500 0.03100
2451687.483720 17.40300 0.03600
2451695.469080 17.57600 0.03000
