2450726.798350 17.09000 0.01400
2450729.844510 17.03900 0.01700
2450739.829210 17.01600 0.01800
2450795.780530 16.93000 0.01500
2450817.773940 16.96300 0.01500
2450824.721320 17.19900 0.01800
2450826.693610 17.02300 0.01500
2450827.664060 17.05900 0.01400
2450828.723490 17.17200 0.01400
2450829.788010 16.95800 0.02000
2450830.605060 16.97200 0.01600
2450831.613070 17.24000 0.01800
2450832.735910 17.25200 0.02000
2450833.668700 17.12100 0.01300
2450835.688940 16.98500 0.01300
2450836.657790 17.00200 0.01400
2450837.639290 17.26600 0.01300
2450839.637940 17.17800 0.01600
2450840.758370 17.37000 0.01700
2450842.670440 16.97500 0.01600
2450844.618180 16.98700 0.01700
2450845.643270 17.22800 0.01300
2450855.736350 16.95900 0.02300
2450856.643710 16.97600 0.01700
2450857.702000 17.03200 0.01900
2450858.655820 16.93600 0.01900
2450859.731740 16.93700 0.01600
2450860.672930 17.00100 0.01700
2450865.540610 17.15800 0.01900
2450874.707570 17.03800 0.01300
2450876.576740 16.96700 0.01200
2450876.676920 17.03500 0.01300
2450878.713610 17.02300 0.01600
2450880.600380 16.94600 0.01500
2450885.607070 17.48400 0.04000
2450887.645400 17.22300 0.02300
2450890.668970 16.96100 0.01800
2450892.562530 16.96700 0.01500
2450895.605880 17.29000 0.01700
2450898.583540 17.01100 0.01000
2450918.598790 16.99600 0.02300
2450922.503080 17.13600 0.01700
2450928.564990 16.98700 0.02300
2450933.527270 17.01300 0.01600
2450951.485200 16.96600 0.01400
2451041.899390 16.96000 0.01300
2451072.847720 17.16200 0.01400
2451078.807860 17.01800 0.01400
2451081.811480 17.07100 0.01500
2451083.879720 16.98100 0.01400
2451084.793340 17.02900 0.01500
2451086.813660 17.02900 0.01300
2451089.776710 17.19100 0.01600
2451090.798490 16.96700 0.01600
2451102.860660 17.09800 0.01200
2451107.843630 17.01600 0.01300
2451113.856800 16.99900 0.01500
2451116.801030 16.99600 0.01200
2451126.702780 17.00700 0.01500
2451129.801530 17.21000 0.01500
2451131.806190 17.17900 0.02000
2451132.798060 17.01800 0.01600
2451134.811120 17.00300 0.01300
2451151.843080 17.00900 0.01600
2451153.714710 17.32300 0.01600
2451155.670400 17.03400 0.01900
2451157.730980 17.42700 0.02600
2451159.735960 17.27300 0.01600
2451161.801030 17.33600 0.01400
2451163.797670 17.22000 0.01700
2451165.797860 17.38100 0.01700
2451167.732580 17.24000 0.01800
2451168.743580 16.95700 0.01500
2451171.711420 17.15900 0.01300
2451174.839250 16.99200 0.01200
2451178.757220 16.97000 0.01400
2451181.722780 17.25400 0.01800
2451183.756320 17.27700 0.01500
2451185.805240 17.40200 0.01600
2451187.758490 17.25200 0.01600
2451189.746850 17.42500 0.01600
2451191.811750 17.23100 0.01400
2451192.842520 16.99300 0.01200
2451194.662020 17.09200 0.01500
2451196.678880 17.03200 0.01800
2451202.684260 17.06600 0.01700
2451204.664410 17.06500 0.01700
2451207.677180 16.98600 0.01700
2451211.688310 17.01600 0.01700
2451213.719000 17.14900 0.01900
2451214.726900 17.00800 0.01700
2451215.553030 16.96100 0.01400
2451216.621090 17.23900 0.01700
2451217.688700 17.05600 0.01600
2451219.625910 16.97300 0.01600
2451221.596600 16.96300 0.01600
2451223.686740 17.01600 0.01700
2451224.566400 17.20500 0.02200
2451226.574650 17.44500 0.01800
2451227.581710 16.95800 0.01500
2451232.671280 17.06600 0.01500
2451235.572470 16.96500 0.01500
2451238.658400 17.24200 0.02300
2451242.631980 17.37100 0.02100
2451243.599550 16.96200 0.01600
2451245.544290 16.98400 0.01800
2451247.678690 17.00800 0.01700
2451248.646420 17.19300 0.01800
2451251.600950 16.94300 0.02000
2451254.554830 17.17800 0.02000
2451255.587840 16.97000 0.02000
2451258.585150 17.42400 0.02000
2451260.612260 17.26300 0.01600
2451266.597690 17.42700 0.02900
2451268.518820 17.02400 0.01900
2451278.518830 17.04300 0.01900
2451281.526880 16.98400 0.02100
2451290.496610 16.99100 0.02200
2451296.587500 17.12700 0.02000
2451300.533590 17.01900 0.02000
2451305.512000 17.05200 0.01800
2451308.542990 17.01900 0.01900
2451315.502180 17.20100 0.02800
2451318.484890 16.96000 0.01900
2451320.527070 17.00700 0.02100
2451331.489510 17.32700 0.02600
2451431.832840 17.09000 0.01600
2451433.829410 17.11800 0.01800
2451435.877320 17.23600 0.01800
2451437.870020 17.32300 0.01800
2451441.846170 17.17100 0.01600
2451443.800350 17.02300 0.02300
2451447.774100 16.97600 0.02300
2451448.864820 16.99100 0.02000
2451453.786780 17.01100 0.02400
2451455.783080 16.96700 0.02700
2451458.768980 17.28200 0.02600
2451460.780760 17.16000 0.01700
2451461.736950 16.97100 0.01600
2451471.747380 16.97300 0.01600
2451475.841830 17.05600 0.01500
2451478.766550 17.41900 0.02000
2451481.828760 17.03700 0.01800
2451484.833090 17.04800 0.01400
2451487.825860 16.98500 0.01500
2451491.764610 16.95800 0.01600
2451493.706530 16.97700 0.01700
2451495.749980 16.93700 0.01400
2451498.671120 17.15300 0.02000
2451500.811630 17.10500 0.01400
2451503.701940 16.96200 0.01700
2451505.808780 16.98800 0.01600
2451507.704840 16.97200 0.02000
2451508.821430 17.08700 0.01500
2451509.682960 17.00200 0.01500
2451510.648470 17.04100 0.01400
2451511.731090 16.96900 0.01500
2451512.765120 17.26400 0.01800
2451514.779610 17.41800 0.02300
2451516.825380 17.09300 0.01600
2451518.697270 17.20700 0.01600
2451520.722570 17.21000 0.01600
2451522.723260 17.37300 0.01800
2451523.723410 16.99600 0.01800
2451525.699360 16.98600 0.01400
2451527.764700 16.96600 0.01400
2451528.690630 17.08700 0.01400
2451529.816070 16.98500 0.01400
2451531.708020 16.99400 0.01400
2451538.665130 17.03200 0.01400
2451541.620970 17.13700 0.01400
2451542.775330 17.48400 0.01900
2451544.677670 17.02400 0.01400
2451546.702350 17.15200 0.02100
2451547.703960 17.01200 0.01300
2451548.681120 17.01900 0.01400
2451551.710490 17.00500 0.01200
2451552.643400 16.98500 0.01500
2451553.667090 17.02700 0.01400
2451554.645700 16.98600 0.01400
2451555.670180 17.07000 0.01600
2451556.644320 16.98800 0.01500
2451560.636040 16.98700 0.01800
2451564.555170 16.97600 0.01800
2451568.631840 16.98700 0.01700
2451571.641540 17.24600 0.01600
2451575.655910 17.20400 0.02000
2451578.696220 17.03100 0.01800
2451580.707010 17.00700 0.01400
2451582.641500 16.99600 0.01700
2451585.632270 17.19200 0.01800
2451588.635550 16.95400 0.01700
2451591.599400 17.46900 0.03400
2451595.592640 17.48100 0.02000
2451599.658630 17.22200 0.01600
2451600.625490 16.98100 0.01900
2451601.618640 17.25300 0.02200
2451602.685090 17.01300 0.01600
2451604.616690 16.96000 0.01500
2451606.573650 16.96900 0.01600
2451609.529890 17.06300 0.01900
2451610.544810 16.99400 0.01600
2451611.604900 17.51100 0.02200
2451613.585280 17.26000 0.01800
2451614.656340 16.99700 0.01800
2451616.514000 17.04400 0.01500
2451618.663180 16.96600 0.01700
2451619.553220 17.18300 0.02200
2451621.549360 17.11200 0.02000
2451623.646510 17.38000 0.02400
2451625.627560 17.25400 0.02000
2451627.597860 17.46400 0.02600
2451628.537770 17.02300 0.01700
2451630.509410 17.01100 0.01800
2451631.507240 17.03400 0.01600
2451633.622640 17.27000 0.01800
2451635.505630 17.02500 0.01700
2451643.581640 17.31900 0.02900
2451645.514720 17.00400 0.02400
2451653.500060 16.99000 0.02000
2451655.543960 17.06000 0.01900
2451657.553450 17.05400 0.02000
2451659.568060 17.11400 0.01900
2451662.535640 17.00500 0.01600
2451664.558720 17.00700 0.01800
2451669.528620 16.99500 0.02200
2451672.501350 17.18900 0.02300
2451687.498950 16.97300 0.02300
2451695.484310 16.95200 0.01800
