2450457.763520 16.45900 0.01200
2450458.747910 16.47000 0.01400
2450459.700670 16.68700 0.01300
2450461.715600 16.45100 0.01100
2450461.838170 16.44800 0.01300
2450462.547980 16.45000 0.01200
2450465.843340 16.45200 0.01300
2450466.702150 16.45800 0.01200
2450467.810030 16.45200 0.01200
2450468.716440 16.44600 0.01200
2450469.723970 16.47400 0.01400
2450470.784310 16.63300 0.01700
2450471.836300 16.44100 0.02400
2450472.761160 16.44300 0.01300
2450473.672980 16.44400 0.01500
2450474.753410 16.46600 0.01500
2450475.646190 16.46100 0.01500
2450476.798400 16.47900 0.01700
2450477.783060 16.45200 0.01200
2450478.590350 16.45800 0.01200
2450479.788780 16.44200 0.01400
2450480.625430 16.45900 0.01200
2450481.610540 16.50900 0.01200
2450482.771510 16.44900 0.01200
2450483.559290 16.48500 0.01400
2450484.557110 16.45600 0.01300
2450485.561700 16.44200 0.01100
2450487.580890 16.64600 0.01200
2450488.545510 16.60300 0.02000
2450489.635800 16.46500 0.01100
2450490.606250 16.45300 0.01000
2450491.564400 16.46500 0.01200
2450492.548700 16.46500 0.01300
2450492.623130 16.54900 0.01400
2450493.551760 16.71800 0.01300
2450494.546570 16.46000 0.01200
2450495.548910 16.46200 0.01300
2450496.544420 16.43200 0.01400
2450496.760510 16.44600 0.01500
2450498.543160 16.55600 0.01300
2450499.538650 16.60100 0.01300
2450500.529850 16.47200 0.01300
2450501.530410 16.45300 0.01400
2450507.647950 16.44900 0.01600
2450508.534110 16.45000 0.01800
2450508.600840 16.45600 0.01800
2450510.538790 16.60500 0.01500
2450511.648370 16.45200 0.01300
2450512.685710 16.46000 0.01200
2450513.677630 16.46600 0.01100
2450514.550770 16.46600 0.01100
2450515.542440 16.72500 0.01300
2450516.545940 16.45900 0.01400
2450517.547440 16.45000 0.01300
2450518.586220 16.43900 0.01300
2450519.536860 16.46100 0.01200
2450521.537730 16.58000 0.01600
2450523.549640 16.44800 0.01400
2450524.528550 16.45700 0.01400
2450526.532000 16.72800 0.01600
2450526.633060 16.53100 0.01500
2450527.529340 16.46700 0.01200
2450530.617320 16.47600 0.01900
2450531.544210 16.59200 0.01700
2450532.529680 16.60400 0.01600
2450533.533170 16.46200 0.01400
2450534.540460 16.43100 0.01500
2450535.654990 16.46400 0.01400
2450552.638300 16.49200 0.01300
2450553.494010 16.50200 0.01300
2450554.552830 16.51100 0.01500
2450561.553270 16.44200 0.01300
2450566.488830 16.45200 0.01200
2450567.489630 16.44900 0.01100
2450569.484060 16.45400 0.01300
2450571.538280 16.47100 0.01300
2450572.494510 16.45200 0.01400
2450573.502090 16.45200 0.01400
2450574.530810 16.47100 0.01200
2450575.514190 16.57500 0.01600
2450577.468420 16.45900 0.01500
2450578.481480 16.43500 0.01200
2450583.466570 16.45400 0.01200
2450673.856460 16.45400 0.01000
2450689.842630 16.56400 0.01300
2450699.829760 16.56400 0.01400
2450701.874610 16.46000 0.01400
2450704.818520 16.46800 0.01300
2450706.822450 16.47500 0.01400
2450707.871870 16.46600 0.02100
2450712.894240 16.45400 0.01200
2450715.859640 16.49100 0.01200
2450720.814490 16.44400 0.01200
2450726.879690 16.53300 0.01100
2450728.843820 16.46300 0.01100
2450729.826180 16.45900 0.01200
2450733.878490 16.45900 0.01600
2450742.818970 16.45200 0.01200
2450745.750470 16.46200 0.01100
2450747.807220 16.45700 0.01100
2450748.762010 16.47000 0.01200
2450750.854860 16.45200 0.01300
2450751.747410 16.44600 0.01300
2450755.705910 16.70200 0.01600
2450759.775200 16.47100 0.01200
2450760.827370 16.70800 0.01300
2450763.823340 16.45800 0.01300
2450771.842810 16.66300 0.01300
2450775.834800 16.46700 0.01100
2450778.801290 16.44400 0.01400
2450780.832130 16.46100 0.01100
2450787.839840 16.68900 0.01300
2450796.789740 16.44600 0.01400
2450798.806990 16.65700 0.01400
2450816.815420 16.47800 0.01100
2450817.804850 16.44800 0.01200
2450822.763000 16.46200 0.01100
2450826.631220 16.46600 0.01200
2450827.741920 16.46700 0.01100
2450830.822080 16.46200 0.01400
2450831.667360 16.46300 0.01400
2450832.798320 16.49600 0.01100
2450833.699760 16.45600 0.01000
2450837.796710 16.68400 0.01100
2450839.622470 16.47300 0.01400
2450841.805740 16.46900 0.01200
2450843.728800 16.67700 0.01200
2450844.677920 16.46900 0.01200
2450850.698720 16.44400 0.01300
2450854.720760 16.65800 0.01500
2450855.767240 16.49000 0.02100
2450856.712320 16.46100 0.01700
2450858.632170 16.44700 0.01500
2450860.723420 16.47100 0.01500
2450864.718380 16.50600 0.01600
2450874.731400 16.45500 0.00900
2450876.647710 16.72800 0.01100
2450879.607550 16.44300 0.01200
2450881.539530 16.47600 0.01300
2450887.621710 16.68400 0.01500
2450892.586630 16.46800 0.01200
2450895.567330 16.45800 0.01400
2450895.583940 16.45100 0.01200
2450900.536290 16.46200 0.01300
2450918.572240 16.46600 0.01700
2450920.537420 16.50800 0.01600
2450925.489620 16.47000 0.01700
2450933.503750 16.47100 0.01300
2450951.516730 16.44100 0.01100
2451040.910070 16.48200 0.01200
2451051.905920 16.44800 0.01300
2451065.866480 16.47500 0.01300
2451068.828560 16.45500 0.01300
2451069.819010 16.44600 0.01100
2451071.836180 16.46700 0.01300
2451077.875590 16.59200 0.01000
2451079.783340 16.46500 0.01100
2451083.797040 16.58900 0.01300
2451088.861760 16.56000 0.01300
2451093.858430 16.44700 0.01100
2451102.836420 16.44000 0.00900
2451107.819300 16.43900 0.01200
2451113.833120 16.45300 0.01000
2451119.765930 16.45200 0.01200
2451126.737400 16.44900 0.01200
2451130.703510 16.44900 0.01200
2451132.712060 16.46000 0.01200
2451136.831320 16.46200 0.01000
2451142.723310 16.44200 0.01000
2451151.818450 16.44600 0.01100
2451154.826990 16.57500 0.01300
2451157.778550 16.43900 0.01300
2451161.776560 16.51600 0.01000
2451163.748110 16.43500 0.01100
2451166.784560 16.67300 0.01600
2451170.832550 16.46400 0.01100
2451174.815180 16.45600 0.01000
2451178.732210 16.45700 0.01200
2451181.698780 16.43500 0.01200
2451185.781350 16.44400 0.01100
2451187.733300 16.46200 0.01200
2451189.797770 16.45500 0.01100
2451192.717350 16.44800 0.01000
2451196.593410 16.44400 0.01700
2451202.655240 16.45300 0.01200
2451204.760620 16.65800 0.01300
2451207.654030 16.44800 0.01300
2451211.734490 16.45700 0.01400
2451214.750970 16.44800 0.01300
2451217.712100 16.44500 0.01200
2451219.696780 16.44900 0.01300
2451223.604260 16.46200 0.01200
2451226.699190 16.52200 0.01300
2451230.647570 16.43900 0.01200
2451234.573990 16.47200 0.01300
2451239.710200 16.44700 0.01500
2451241.686800 16.45600 0.01300
2451243.544670 16.46400 0.01400
2451245.513250 16.48800 0.01500
2451253.592430 16.46000 0.01400
2451256.571710 16.45300 0.01300
2451259.622780 16.44900 0.01200
2451261.567790 16.51300 0.01300
2451265.585460 16.48200 0.01300
2451268.570370 16.45100 0.01500
2451276.523790 16.47600 0.01300
2451279.518310 16.45900 0.01400
2451288.551840 16.69800 0.01500
2451296.556260 16.45100 0.01400
2451300.502600 16.47600 0.01500
2451305.477050 16.68300 0.01700
2451308.511800 16.45100 0.01200
2451313.487320 16.45100 0.01400
2451317.514930 16.46800 0.01600
2451320.476870 16.46300 0.01400
2451333.484390 16.46800 0.01700
2451336.462930 16.47200 0.02000
2451397.908350 16.46200 0.01400
2451412.885980 16.67400 0.01600
2451431.800890 16.44300 0.01200
2451432.886230 16.45500 0.01600
2451435.846270 16.47900 0.01300
2451437.839100 16.44100 0.01200
2451440.877730 16.49500 0.01400
2451443.875650 16.44800 0.01300
2451447.798770 16.45900 0.01700
2451449.840470 16.46200 0.01700
2451454.754640 16.45700 0.01400
2451455.878310 16.51700 0.01500
2451458.792280 16.47600 0.01300
2451459.859640 16.45400 0.01200
2451462.730860 16.71600 0.01500
2451470.811860 16.44900 0.01100
2451475.810590 16.44900 0.01200
2451477.697450 16.45600 0.01400
2451479.737670 16.58000 0.01400
2451484.753090 16.72700 0.01500
2451487.794710 16.45900 0.01300
2451491.709170 16.45900 0.01300
2451493.818460 16.45200 0.01200
2451496.604280 16.68100 0.01600
2451498.746810 16.45700 0.01200
2451501.830890 16.45700 0.01100
2451503.725650 16.45500 0.01300
2451505.832250 16.66600 0.01500
2451507.779380 16.46500 0.01500
2451511.652090 16.46600 0.01200
2451514.699160 16.45500 0.01300
2451517.688690 16.68900 0.01200
2451519.691070 16.45800 0.01200
2451521.713750 16.46500 0.01100
2451522.691350 16.51200 0.01400
2451523.747790 16.51200 0.01800
2451525.724440 16.43400 0.01100
2451527.811600 16.63500 0.01500
2451528.714040 16.73000 0.01200
2451531.731690 16.44700 0.01200
2451538.688380 16.46100 0.01200
2451541.644480 16.45800 0.01000
2451542.744380 16.43700 0.01100
2451544.701170 16.56400 0.01100
2451547.727240 16.44800 0.01000
2451548.704640 16.44600 0.01000
2451549.769980 16.54900 0.01100
2451551.733850 16.46000 0.01000
2451552.667110 16.45400 0.01100
2451554.760080 16.46600 0.01100
2451555.696880 16.57300 0.01300
2451556.667560 16.66100 0.01200
2451562.699910 16.45200 0.01300
2451564.578530 16.45000 0.01400
2451564.674590 16.46000 0.01400
2451567.632020 16.71900 0.01300
2451570.729450 16.43500 0.01100
2451574.725090 16.44300 0.01000
2451576.624830 16.45100 0.01200
2451578.726410 16.48700 0.01400
2451581.640290 16.44300 0.01100
2451584.618810 16.53900 0.01300
2451587.606630 16.44600 0.01200
2451590.613740 16.46800 0.01200
2451595.686370 16.46300 0.01400
2451599.697720 16.62400 0.01400
2451600.672240 16.57800 0.01900
2451604.522900 16.44600 0.01300
2451606.536650 16.72300 0.01400
2451609.555900 16.44600 0.01300
2451610.600130 16.46100 0.01200
2451611.631570 16.68300 0.01300
2451612.525930 16.54800 0.01200
2451613.617340 16.44000 0.01300
2451614.518180 16.44100 0.01000
2451616.537470 16.46100 0.01100
2451617.522450 16.73000 0.01300
2451618.529110 16.47500 0.01300
2451619.578220 16.44600 0.01400
2451620.599270 16.44100 0.01400
2451621.517400 16.43900 0.01400
2451622.584810 16.71400 0.01400
2451623.539730 16.48000 0.01300
2451624.547370 16.46900 0.01400
2451625.559320 16.45900 0.01500
2451626.651820 16.46600 0.01200
2451627.566960 16.53900 0.01700
2451628.505900 16.72000 0.01500
2451630.532780 16.45600 0.01500
2451631.530480 16.45100 0.01200
2451632.575740 16.46700 0.01200
2451633.521290 16.61300 0.01300
2451634.560910 16.46300 0.01200
2451635.529170 16.45300 0.01300
2451643.549940 16.47100 0.01700
2451644.579590 16.74700 0.01400
2451650.510480 16.76200 0.02100
2451656.567050 16.45900 0.01400
2451658.544500 16.46600 0.01300
2451660.569750 16.56200 0.01700
2451663.500000 16.44500 0.01200
2451665.516160 16.45700 0.01600
2451671.512060 16.48300 0.01600
2451676.506570 16.45400 0.01500
2451684.506540 16.46000 0.02000
2451694.508110 16.68500 0.01800
