2450455.670700 15.39300 0.00800
2450455.744940 15.38100 0.00800
2450455.792510 15.38100 0.00800
2450456.612610 15.45500 0.00800
2450456.662340 15.42400 0.01100
2450456.695120 15.41700 0.00900
2450456.733130 15.40600 0.00900
2450456.780530 15.40500 0.00800
2450456.831960 15.39800 0.00800
2450457.580300 15.51700 0.00800
2450457.624250 15.54000 0.00900
2450457.682870 15.53700 0.00900
2450457.741470 15.48300 0.00900
2450457.800110 15.43800 0.00800
2450457.829600 15.42000 0.00900
2450458.656690 15.44800 0.00900
2450458.725750 15.50000 0.00900
2450459.573900 15.39500 0.00900
2450459.620060 15.40100 0.00900
2450459.678640 15.40400 0.00800
2450459.738070 15.41500 0.00800
2450459.781940 15.43300 0.00900
2450459.825740 15.46600 0.00900
2450461.584820 15.38200 0.00900
2450461.628560 15.37200 0.00800
2450461.687250 15.37200 0.00800
2450461.753400 15.38300 0.00900
2450461.815400 15.38500 0.00900
2450462.585340 15.41400 0.00800
2450462.643960 15.39100 0.00800
2450462.689940 15.39000 0.00800
2450465.692010 15.50900 0.00900
2450465.736480 15.51900 0.00900
2450465.821230 15.49300 0.00800
2450466.672510 15.42900 0.00900
2450466.739060 15.44400 0.00800
2450466.824040 15.51700 0.00800
2450467.676170 15.39600 0.00900
2450467.780770 15.40500 0.00800
2450467.846700 15.41100 0.00900
2450468.687070 15.37600 0.00800
2450468.753010 15.38400 0.00900
2450468.811630 15.39200 0.00800
2450468.833650 15.39000 0.00800
2450469.683760 15.38000 0.00900
2450469.761880 15.37600 0.00900
2450469.830830 15.36900 0.00900
2450470.762470 15.39200 0.01000
2450470.809560 15.39500 0.01000
2450471.669580 15.45700 0.00900
2450471.806360 15.41500 0.01300
2450472.644230 15.50800 0.00800
2450472.688010 15.52900 0.00800
2450472.731800 15.51800 0.00900
2450472.797720 15.46300 0.00900
2450472.827230 15.44300 0.01000
2450474.723750 15.40500 0.00900
2450475.558110 15.37300 0.00900
2450475.616890 15.37900 0.00900
2450475.682990 15.39300 0.01000
2450475.735140 15.37900 0.00900
2450476.769150 15.37400 0.01000
2450477.554840 15.41400 0.00800
2450477.606170 15.41100 0.00800
2450477.753620 15.38600 0.00900
2450477.834460 15.37600 0.00900
2450478.561000 15.51000 0.00900
2450478.781400 15.40600 0.00800
2450478.840330 15.41500 0.00900
2450479.559820 15.49000 0.00900
2450479.603690 15.51900 0.00800
2450479.737470 15.48500 0.00900
2450479.841290 15.41200 0.00900
2450480.595890 15.42700 0.00900
2450480.677030 15.47000 0.00800
2450480.770620 15.53600 0.00900
2450480.814730 15.55300 0.00900
2450481.581070 15.39600 0.00900
2450481.729450 15.41800 0.00900
2450481.773420 15.42100 0.00900
2450481.817370 15.44600 0.00900
2450482.730290 15.39100 0.00800
2450482.808200 15.41700 0.00800
2450483.596560 15.38700 0.00900
2450483.641010 15.38700 0.00900
2450483.684890 15.38100 0.00800
2450483.728860 15.38900 0.00900
2450483.772770 15.38600 0.00900
2450483.816690 15.38800 0.00900
2450484.703910 15.39100 0.00900
2450484.748270 15.38200 0.00800
2450484.792290 15.37400 0.00800
2450485.598880 15.44200 0.00900
2450485.745820 15.41500 0.00900
2450485.789940 15.41300 0.00800
2450486.595410 15.52300 0.00900
2450486.681750 15.48700 0.01000
2450486.737470 15.44600 0.00900
2450486.782640 15.41700 0.00900
2450487.622370 15.46500 0.00800
2450487.670620 15.50900 0.00800
2450487.718440 15.55300 0.00800
2450487.762540 15.53800 0.00900
2450487.806730 15.52700 0.00900
2450488.607890 15.41300 0.00800
2450488.651790 15.41100 0.00800
2450488.720670 15.43400 0.00900
2450488.764660 15.45600 0.01000
2450488.808730 15.48900 0.01000
2450489.583580 15.38200 0.00800
2450489.672580 15.39100 0.00800
2450489.716480 15.40400 0.00800
2450489.760420 15.40800 0.00900
2450490.576820 15.38600 0.00800
2450490.713990 15.39000 0.00800
2450490.758110 15.38500 0.00900
2450490.802100 15.38700 0.00800
2450491.601330 15.39700 0.00800
2450491.653150 15.38100 0.00900
2450491.697280 15.38500 0.00900
2450491.810700 15.38100 0.00900
2450492.585510 15.43100 0.00900
2450492.659840 15.41400 0.01000
2450493.588550 15.51700 0.00800
2450493.633020 15.48200 0.00800
2450494.583280 15.47900 0.00800
2450494.627210 15.51400 0.00900
2450494.671400 15.53500 0.00900
2450494.715730 15.53100 0.00900
2450494.760710 15.50500 0.00800
2450495.586070 15.40400 0.00900
2450495.659700 15.41800 0.01000
2450495.713190 15.44700 0.01100
2450496.581440 15.38300 0.00900
2450496.626220 15.39800 0.00900
2450496.670300 15.41000 0.01100
2450496.715220 15.41500 0.01000
2450498.580530 15.38900 0.00800
2450498.624560 15.37800 0.00800
2450498.738290 15.38100 0.00900
2450498.782260 15.38100 0.00900
2450499.575480 15.42400 0.00900
2450499.621180 15.42400 0.00800
2450499.761480 15.38600 0.00900
2450500.544710 15.50600 0.01000
2450500.618170 15.46200 0.01100
2450500.663110 15.42900 0.01000
2450500.714220 15.42000 0.00900
2450500.758680 15.41800 0.01000
2450501.582360 15.51400 0.01000
2450501.701110 15.52700 0.01000
2450507.570790 15.45800 0.00900
2450507.615980 15.42000 0.01000
2450507.687800 15.41100 0.01100
2450509.566650 15.41900 0.00900
2450509.613780 15.43700 0.00900
2450509.666100 15.48500 0.01000
2450510.608280 15.41200 0.00900
2450510.653850 15.41700 0.00900
2450510.701430 15.42100 0.01000
2450511.693740 15.39400 0.01200
2450512.600420 15.36500 0.00900
2450512.648720 15.37600 0.01000
2450512.723050 15.37900 0.00800
2450513.580720 15.39300 0.01000
2450513.626290 15.39000 0.00800
2450513.717990 15.38600 0.00800
2450514.588950 15.40900 0.00800
2450514.658030 15.40700 0.00900
2450514.708370 15.39200 0.00900
2450514.755230 15.40200 0.00800
2450515.583090 15.52900 0.00900
2450515.637840 15.50800 0.00900
2450515.686080 15.46000 0.00900
2450516.589410 15.46500 0.01000
2450516.643600 15.50200 0.00900
2450516.690570 15.52600 0.01000
2450516.737070 15.52300 0.01000
2450517.587380 15.40500 0.00900
2450517.637220 15.41800 0.00900
2450518.624740 15.38800 0.00900
2450518.669980 15.41000 0.01000
2450519.585340 15.38400 0.00800
2450519.632000 15.38500 0.01000
2450519.714400 15.39700 0.01000
2450520.726160 15.37800 0.01000
2450521.581670 15.41800 0.00900
2450521.626780 15.41600 0.01100
2450521.689570 15.40900 0.01100
2450523.590910 15.51200 0.01000
2450523.643720 15.51600 0.00900
2450523.693620 15.50400 0.01100
2450524.583330 15.42500 0.00900
2450524.633310 15.43400 0.01200
2450526.570310 15.38500 0.01100
2450527.695480 15.38700 0.01000
2450530.585610 15.52800 0.01300
2450531.583020 15.44100 0.01000
2450532.572510 15.41000 0.01100
2450533.589740 15.38300 0.01000
2450534.578970 15.39500 0.01000
2450534.623040 15.39400 0.00900
2450534.674810 15.38200 0.01200
2450535.563520 15.40400 0.00900
2450535.623830 15.41100 0.00900
2450536.542690 15.45300 0.00900
2450536.587860 15.43200 0.00900
2450536.638390 15.42800 0.01100
2450537.537270 15.52800 0.00900
2450537.637470 15.49700 0.00900
2450538.525260 15.43100 0.01000
2450538.576990 15.46800 0.00900
2450539.533900 15.40300 0.00800
2450539.644970 15.41900 0.00900
2450540.650710 15.39800 0.00900
2450541.544270 15.39200 0.00900
2450541.601280 15.37800 0.00900
2450542.533360 15.39500 0.00800
2450542.585240 15.38500 0.00800
2450542.632700 15.38600 0.00900
2450543.571600 15.42600 0.00900
2450543.615650 15.41900 0.00900
2450543.652700 15.42100 0.00900
2450544.524360 15.51300 0.00900
2450544.568670 15.49700 0.00900
2450544.612940 15.47200 0.01200
2450544.658180 15.44700 0.00900
2450551.514100 15.51400 0.00900
2450552.525550 15.50500 0.00900
2450553.530920 15.41100 0.00800
2450554.507620 15.38600 0.00900
2450554.593070 15.40900 0.01100
2450555.513940 15.36300 0.01000
2450557.614530 15.39800 0.01000
2450558.561290 15.42300 0.01100
2450559.545130 15.54200 0.01000
2450560.523160 15.40100 0.01000
2450561.523180 15.40200 0.00900
2450562.524740 15.38000 0.01000
2450564.525930 15.39800 0.01000
2450565.531720 15.41700 0.00900
2450566.525700 15.53900 0.00900
2450567.526780 15.44900 0.00800
2450568.512030 15.41400 0.01000
2450569.521810 15.39300 0.00900
2450571.507670 15.39500 0.00900
2450572.537920 15.41400 0.00900
2450574.499850 15.46400 0.00800
2450575.498440 15.41800 0.01000
2450577.507420 15.38300 0.00900
2450578.520960 15.38600 0.00900
2450582.503130 15.42300 0.00900
2450583.505880 15.38700 0.00900
2450672.891340 15.43500 0.00800
2450689.875340 15.38600 0.00800
2450699.876550 15.43600 0.00800
2450701.842170 15.43700 0.01000
2450704.884680 15.36900 0.01000
2450706.866080 15.41600 0.00900
2450714.841940 15.50900 0.00800
2450716.798130 15.42900 0.00700
2450720.854460 15.40100 0.00900
2450728.793290 15.45600 0.00800
2450729.793330 15.52200 0.00900
2450730.748870 15.42300 0.00800
2450733.839890 15.36800 0.01000
2450741.843100 15.39100 0.00800
2450745.797970 15.41800 0.00800
2450747.846330 15.38000 0.00800
2450753.800210 15.41300 0.00900
2450759.834760 15.48200 0.00800
2450766.808890 15.48800 0.01000
2450772.828030 15.44600 0.00900
2450775.809740 15.39700 0.00800
2450779.828390 15.42200 0.00800
2450787.804770 15.48600 0.00800
2450789.788800 15.40900 0.00800
2450790.799270 15.40500 0.00800
2450795.756900 15.52100 0.00800
2450796.828800 15.42900 0.00800
2450797.756570 15.40100 0.00800
2450798.728540 15.37900 0.00800
2450805.813430 15.39400 0.01000
2450817.703690 15.45400 0.00800
2450819.803360 15.39500 0.00900
2450822.817570 15.39900 0.00700
2450824.846810 15.50900 0.00800
2450826.670310 15.38600 0.00800
2450829.740890 15.39700 0.00800
2450832.697110 15.41900 0.00800
2450836.795930 15.38800 0.00800
2450840.675300 15.39000 0.00900
2450843.675740 15.39700 0.00800
2450850.649330 15.38600 0.00800
2450854.687160 15.41900 0.00800
2450855.654050 15.39000 0.01000
2450856.620370 15.37500 0.01000
2450858.592930 15.42000 0.00800
2450864.743020 15.38100 0.01100
2450875.568260 15.42800 0.00700
2450880.553820 15.43500 0.00800
2450887.567130 15.41100 0.00800
2450892.695440 15.37800 0.00800
2450895.541550 15.49400 0.00900
2450898.548440 15.39800 0.00700
2450918.536630 15.51600 0.01100
2450922.615760 15.37600 0.00800
2450928.541720 15.38700 0.00900
2450933.573400 15.49800 0.00900
2450947.513030 15.51400 0.01000
2450952.506890 15.40400 0.00800
2451045.901500 15.48600 0.00900
2451051.881720 15.48500 0.00900
2451052.916960 15.53800 0.01000
2451053.897190 15.42000 0.00700
2451054.912860 15.41400 0.00800
2451055.885360 15.38000 0.01000
2451059.898120 15.53300 0.00900
2451061.907880 15.42200 0.00900
2451069.855310 15.39200 0.00800
2451076.877260 15.40800 0.00800
2451087.827470 15.47400 0.00800
2451091.829980 15.37500 0.00900
2451102.812370 15.51400 0.00700
2451106.867400 15.38300 0.00800
2451107.795180 15.39500 0.00800
2451113.807960 15.37800 0.00800
2451119.812680 15.41300 0.00800
2451128.820940 15.39000 0.00800
2451131.706490 15.55400 0.01000
2451132.758520 15.47800 0.00800
2451136.791830 15.39100 0.00700
2451138.818260 15.45200 0.00800
2451142.682950 15.38800 0.00700
2451144.751860 15.39600 0.00700
2451151.777720 15.39900 0.00800
2451155.777030 15.41600 0.00800
2451158.774520 15.39300 0.00800
2451161.752450 15.52100 0.00700
2451165.773180 15.37700 0.00700
2451169.768050 15.43700 0.00800
2451174.741880 15.42900 0.00800
2451179.758700 15.38200 0.00800
2451181.830790 15.39200 0.00800
2451186.785190 15.39000 0.00700
2451187.846450 15.38500 0.00700
2451192.692320 15.40500 0.00700
2451196.725210 15.44800 0.00800
2451201.734080 15.39800 0.01000
2451203.753890 15.42100 0.00800
2451207.610780 15.37900 0.00900
2451211.648540 15.51800 0.00900
2451214.649440 15.38500 0.00900
2451217.624280 15.43200 0.00900
2451220.629120 15.41700 0.00800
2451223.655350 15.38300 0.00800
2451225.596300 15.49100 0.00800
2451227.676790 15.42400 0.01100
2451231.572710 15.41700 0.00900
2451234.620930 15.42300 0.00900
2451236.628450 15.38000 0.01000
2451240.580900 15.53500 0.00900
2451242.682590 15.42700 0.01000
2451244.632220 15.37200 0.00800
2451247.562810 15.53600 0.01000
2451256.547500 15.41800 0.01000
2451260.573030 15.40600 0.00900
2451265.547950 15.38000 0.00900
2451274.525860 15.39600 0.01000
2451277.530140 15.48300 0.01000
2451281.558620 15.39900 0.01000
2451288.528370 15.38900 0.01000
2451290.595800 15.41700 0.00900
2451296.533130 15.40400 0.01000
2451298.571040 15.50500 0.01200
2451301.512820 15.37800 0.01000
2451305.558590 15.47700 0.00900
2451308.488100 15.38700 0.00900
2451313.534630 15.52300 0.01000
2451316.526480 15.38700 0.00500
2451319.502760 15.44400 0.00900
2451329.496580 15.42000 0.01000
2451330.496100 15.39700 0.01000
2451335.472480 15.49700 0.01000
2451342.471300 15.53200 0.01000
2451412.861130 15.41600 0.01000
2451418.858350 15.51200 0.01000
2451430.912900 15.39600 0.01000
2451432.846720 15.53900 0.01100
2451435.822740 15.39200 0.01000
2451437.806640 15.41200 0.00900
2451440.854290 15.48200 0.00900
2451446.866350 15.48300 0.01000
2451447.891890 15.53400 0.01000
2451451.876150 15.38900 0.00900
2451455.854990 15.45700 0.01000
2451459.793640 15.40400 0.00800
2451462.797920 15.45600 0.01000
2451470.858270 15.43000 0.00800
2451475.770900 15.50300 0.00900
2451478.726270 15.39900 0.00900
2451481.699910 15.43300 0.00900
2451484.849360 15.48300 0.00800
2451487.746290 15.38600 0.00800
2451490.726150 15.54200 0.00900
2451492.719270 15.40700 0.00900
2451495.717750 15.40900 0.00800
2451499.675530 15.40600 0.01000
2451502.670800 15.41100 0.00900
2451505.711390 15.49600 0.00900
2451507.844820 15.40600 0.00900
2451510.820810 15.39300 0.00800
2451512.717580 15.52400 0.01000
2451514.828690 15.41900 0.00900
2451517.664130 15.41600 0.00900
2451519.737770 15.52500 0.00800
2451521.673510 15.40000 0.00800
2451523.794260 15.38700 0.01000
2451525.788640 15.42200 0.00800
2451527.717580 15.49800 0.00800
2451528.763950 15.42200 0.00800
2451529.785010 15.40100 0.00800
2451531.778150 15.37700 0.00900
2451538.734670 15.38400 0.00800
2451541.690770 15.55000 0.00800
2451542.720650 15.44900 0.00900
2451544.646670 15.39500 0.00800
2451547.773590 15.41500 0.00800
2451548.751190 15.49600 0.00800
2451549.745450 15.50100 0.00800
2451552.610200 15.38700 0.00800
2451554.736670 15.41100 0.00800
2451555.743360 15.46300 0.00800
2451562.746320 15.42300 0.00900
2451564.624920 15.41500 0.00900
2451567.717470 15.37900 0.00900
2451570.622810 15.51300 0.00800
2451574.749500 15.37600 0.00800
2451577.699180 15.49300 0.00800
2451580.735240 15.40200 0.00800
2451583.620610 15.42700 0.00800
2451586.620880 15.41700 0.00800
2451589.625430 15.38600 0.00800
2451592.617190 15.52600 0.00800
2451595.663090 15.39400 0.00900
2451599.602790 15.53700 0.00800
2451601.680770 15.42000 0.00900
2451604.562300 15.41000 0.00900
2451606.597170 15.53700 0.00900
2451609.638530 15.38500 0.00800
2451610.623660 15.37900 0.00800
2451613.514680 15.53700 0.00900
2451615.546630 15.41600 0.00800
2451617.618020 15.39100 0.00800
2451619.601650 15.41400 0.00900
2451620.552840 15.49700 0.01000
2451622.503000 15.41400 0.00900
2451624.499550 15.38400 0.00900
2451626.500390 15.40800 0.00900
2451627.621500 15.41800 0.00900
2451629.500550 15.41700 0.00800
2451630.581930 15.39500 0.00800
2451632.518470 15.38800 0.00900
2451634.496190 15.47000 0.00800
2451643.488110 15.45900 0.00900
2451646.487090 15.37700 0.01000
2451650.573540 15.54000 0.01400
2451654.525540 15.38500 0.01000
2451656.511740 15.44300 0.00900
2451659.519190 15.40500 0.00900
2451661.543140 15.37900 0.00900
2451663.568410 15.41300 0.00800
2451667.510080 15.38200 0.00900
2451670.531820 15.41600 0.00900
2451673.502280 15.42500 0.01000
2451681.472190 15.39300 0.01100
2451691.520110 15.40600 0.00600
2451694.476670 15.48800 0.01000
