2450455.670700 16.22300 0.01200
2450455.744940 16.28500 0.01300
2450455.792510 16.35600 0.01400
2450456.612610 16.25400 0.01300
2450456.662340 16.24200 0.02000
2450456.695120 16.20500 0.01500
2450456.733130 16.19000 0.01300
2450456.780530 16.19300 0.01100
2450456.831960 16.18500 0.01200
2450457.580300 16.21700 0.01200
2450457.624250 16.25100 0.01300
2450457.682870 16.32300 0.01400
2450457.741470 16.40400 0.01400
2450457.800110 16.35500 0.01300
2450457.829600 16.33600 0.01400
2450458.656690 16.16300 0.01300
2450458.725750 16.18600 0.01500
2450459.573900 16.35900 0.01500
2450459.620060 16.43900 0.01500
2450459.678640 16.38800 0.01300
2450459.738070 16.30800 0.01400
2450459.781940 16.27900 0.01400
2450459.825740 16.26400 0.01400
2450461.584820 16.30700 0.01500
2450461.628560 16.26900 0.01400
2450461.687250 16.21600 0.01300
2450461.753400 16.20400 0.01300
2450461.815400 16.22000 0.01500
2450462.585340 16.20100 0.01300
2450462.643960 16.26000 0.01300
2450462.689940 16.32400 0.01300
2450465.692010 16.21600 0.01500
2450465.736480 16.24400 0.01500
2450465.821230 16.41400 0.01400
2450466.672510 16.23000 0.01500
2450466.739060 16.21000 0.01300
2450466.824040 16.24500 0.01400
2450467.676170 16.27100 0.01300
2450467.780770 16.40900 0.01300
2450467.846700 16.39200 0.01500
2450468.687070 16.18800 0.01300
2450468.753010 16.21900 0.01400
2450468.811630 16.22400 0.01300
2450468.833650 16.24600 0.01300
2450469.683760 16.44900 0.01500
2450469.761880 16.33500 0.01400
2450469.830830 16.27500 0.01500
2450470.762470 16.28300 0.01600
2450470.809560 16.38800 0.01800
2450471.669580 16.25300 0.01400
2450471.806360 16.21300 0.02200
2450472.644230 16.22000 0.01200
2450472.688010 16.27800 0.01200
2450472.731800 16.34800 0.01400
2450472.797720 16.48300 0.01500
2450472.827230 16.40200 0.01700
2450474.723750 16.42700 0.01700
2450475.558110 16.19000 0.01600
2450475.616890 16.17600 0.01500
2450475.682990 16.21600 0.01700
2450475.735140 16.27200 0.01600
2450476.769150 16.24900 0.01700
2450477.554840 16.17300 0.01300
2450477.606170 16.20200 0.01300
2450477.753620 16.36700 0.01400
2450477.834460 16.44900 0.01600
2450478.561000 16.26300 0.01300
2450478.781400 16.20200 0.01300
2450478.840330 16.28300 0.01500
2450479.559820 16.25900 0.01400
2450479.603690 16.33100 0.01300
2450479.737470 16.42200 0.01500
2450479.841290 16.29400 0.01600
2450480.595890 16.18000 0.01500
2450480.677030 16.19900 0.01300
2450480.770620 16.27800 0.01400
2450480.814730 16.32100 0.01600
2450481.581070 16.38700 0.01500
2450481.729450 16.27800 0.01400
2450481.773420 16.24600 0.01400
2450481.817370 16.24400 0.01600
2450482.730290 16.33300 0.01300
2450482.808200 16.43900 0.01400
2450483.596560 16.25000 0.01600
2450483.641010 16.22500 0.01500
2450483.684890 16.22000 0.01400
2450483.728860 16.23700 0.01400
2450483.772770 16.24200 0.01400
2450483.816690 16.23400 0.01600
2450484.595240 16.28900 0.01300
2450484.703910 16.46900 0.01500
2450484.748270 16.45700 0.01400
2450484.792290 16.38800 0.01400
2450485.598880 16.18800 0.01400
2450485.745820 16.25200 0.01400
2450485.789940 16.28100 0.01400
2450486.595410 16.39100 0.01700
2450486.681750 16.29500 0.01700
2450486.737470 16.28000 0.01400
2450486.782640 16.23600 0.01400
2450487.622370 16.21300 0.01200
2450487.670620 16.24700 0.01200
2450487.718440 16.29500 0.01400
2450487.762540 16.36000 0.01400
2450487.806730 16.49000 0.01500
2450488.607890 16.27500 0.01400
2450488.651790 16.24600 0.01200
2450488.720670 16.24000 0.01500
2450488.764660 16.24000 0.01500
2450488.808730 16.21200 0.01500
2450489.583580 16.26100 0.01300
2450489.672580 16.45200 0.01400
2450489.716480 16.49500 0.01300
2450489.760420 16.48600 0.01600
2450490.576820 16.21600 0.01200
2450490.713990 16.24600 0.01200
2450490.758110 16.24500 0.01300
2450490.802100 16.31300 0.01300
2450491.601330 16.41400 0.01400
2450491.653150 16.39300 0.01500
2450491.697280 16.33600 0.01600
2450491.810700 16.26700 0.01500
2450492.585510 16.19900 0.01500
2450492.659840 16.23100 0.01600
2450493.588550 16.31600 0.01200
2450493.633020 16.27300 0.01300
2450494.583280 16.26600 0.01300
2450494.627210 16.29500 0.01500
2450494.671400 16.37900 0.01500
2450494.715730 16.49200 0.01500
2450494.760710 16.52500 0.01400
2450495.586070 16.22400 0.01500
2450495.659700 16.22900 0.01600
2450495.713190 16.22500 0.01700
2450496.581440 16.38400 0.01500
2450496.626220 16.41800 0.01500
2450496.670300 16.37700 0.02000
2450496.715220 16.34200 0.01900
2450498.580530 16.33200 0.01300
2450498.624560 16.28100 0.01200
2450498.738290 16.24300 0.01300
2450498.782260 16.22600 0.01400
2450499.575480 16.24200 0.01400
2450499.621180 16.29100 0.01300
2450499.761480 16.53600 0.01700
2450500.544710 16.24200 0.01700
2450500.618170 16.22900 0.01800
2450500.663110 16.21700 0.01700
2450500.714220 16.24200 0.01500
2450500.758680 16.23700 0.01600
2450501.582360 16.36700 0.01600
2450501.701110 16.36100 0.01700
2450507.570790 16.18400 0.01500
2450507.615980 16.18800 0.01600
2450507.687800 16.22300 0.01800
2450509.566650 16.22500 0.01400
2450509.613780 16.23600 0.01400
2450509.666100 16.31300 0.01600
2450510.608280 16.22900 0.01600
2450510.653850 16.19700 0.01500
2450510.701430 16.24300 0.01600
2450511.693740 16.39500 0.02200
2450512.600420 16.18800 0.01400
2450512.648720 16.20900 0.01600
2450512.723050 16.25900 0.01400
2450513.580720 16.42900 0.01800
2450513.626290 16.36100 0.01300
2450513.717990 16.28900 0.01300
2450514.588950 16.23000 0.01200
2450514.658030 16.31000 0.01500
2450514.708370 16.37100 0.01500
2450514.755230 16.46400 0.01400
2450515.583090 16.24900 0.01300
2450515.637840 16.23100 0.01300
2450515.686080 16.22600 0.01400
2450516.589410 16.28900 0.01700
2450516.643600 16.41000 0.01600
2450516.690570 16.47400 0.01700
2450516.737070 16.46700 0.01700
2450517.587380 16.21400 0.01500
2450517.637220 16.22500 0.01400
2450517.687210 16.19300 0.01500
2450517.733350 16.28000 0.01500
2450518.624740 16.40800 0.01500
2450518.669980 16.33300 0.01700
2450518.719070 16.34900 0.01600
2450519.585340 16.20700 0.01300
2450519.632000 16.25000 0.01600
2450519.714400 16.36300 0.01600
2450521.581670 16.28000 0.01600
2450521.626780 16.38300 0.02000
2450521.689570 16.46500 0.02000
2450523.590910 16.47100 0.01700
2450523.643720 16.39700 0.01700
2450523.693620 16.34600 0.02000
2450524.583330 16.22100 0.01600
2450524.633310 16.26700 0.02100
2450526.570310 16.26700 0.01900
2450527.695480 16.25000 0.01700
2450530.585610 16.33100 0.02300
2450531.583020 16.26100 0.01700
2450532.572510 16.21200 0.01800
2450533.589740 16.47500 0.02100
2450534.578970 16.18600 0.01700
2450534.623040 16.23800 0.01600
2450534.674810 16.26200 0.02100
2450535.563520 16.32700 0.01400
2450535.623830 16.29100 0.01600
2450536.542690 16.24400 0.01500
2450536.587860 16.27400 0.01600
2450536.638390 16.31200 0.02000
2450537.537270 16.26600 0.01300
2450537.637470 16.24600 0.01400
2450538.525260 16.32400 0.01700
2450538.576990 16.42200 0.01700
2450539.533900 16.20500 0.01300
2450539.644970 16.27100 0.01400
2450540.650710 16.28300 0.01600
2450541.544270 16.24700 0.01400
2450541.601280 16.29100 0.01400
2450542.533360 16.29800 0.01300
2450542.585240 16.25100 0.01300
2450542.632700 16.25500 0.01500
2450543.571600 16.42800 0.01500
2450543.615650 16.49600 0.01600
2450543.652700 16.51300 0.01700
2450544.524360 16.23000 0.01400
2450544.568670 16.22700 0.01400
2450544.612940 16.22000 0.01800
2450551.514100 16.21900 0.01300
2450552.525550 16.32600 0.01500
2450553.530920 16.27800 0.01400
2450554.507620 16.21700 0.01400
2450554.593070 16.23300 0.01800
2450555.513940 16.39400 0.01900
2450557.614530 16.24700 0.01700
2450558.561290 16.31200 0.02000
2450559.545130 16.22200 0.01500
2450560.523160 16.38200 0.01800
2450561.523180 16.22100 0.01400
2450562.524740 16.37300 0.01800
2450564.525930 16.25100 0.01700
2450565.531720 16.38500 0.01500
2450566.525700 16.19900 0.01300
2450567.526780 16.42800 0.01300
2450568.512030 16.25000 0.01800
2450569.521810 16.24700 0.01400
2450571.507670 16.22800 0.01400
2450572.537920 16.44100 0.01500
2450574.499850 16.27900 0.01300
2450575.498440 16.29600 0.01800
2450577.507420 16.51800 0.01600
2450578.520960 16.25000 0.01400
2450582.503130 16.46900 0.01800
2450583.505880 16.24400 0.01400
2450672.891340 16.26400 0.01300
2450689.875340 16.20400 0.01200
2450699.876550 16.23700 0.01400
2450701.842170 16.18400 0.01600
2450704.884680 16.24800 0.01700
2450706.866080 16.18400 0.01600
2450714.841940 16.35800 0.01400
2450716.798130 16.25900 0.01300
2450720.854460 16.19200 0.01600
2450728.793290 16.18700 0.01200
2450729.793330 16.30900 0.01500
2450730.748870 16.16300 0.01400
2450733.839890 16.15500 0.01600
2450741.843100 16.34500 0.01400
2450745.797970 16.17300 0.01300
2450747.846330 16.22800 0.01200
2450753.800210 16.25800 0.01500
2450759.834760 16.25700 0.01300
2450766.808890 16.42700 0.01800
2450772.828030 16.21400 0.01400
2450775.809740 16.24200 0.01200
2450779.828390 16.24500 0.01300
2450787.804770 16.18600 0.01100
2450789.788800 16.18500 0.01300
2450790.799270 16.30000 0.01400
2450795.756900 16.36900 0.01300
2450796.828800 16.31500 0.01300
2450797.756570 16.21200 0.01200
2450798.728540 16.29500 0.01200
2450805.813430 16.32200 0.01800
2450816.784450 16.22400 0.01300
2450817.703690 16.32500 0.01200
2450819.803360 16.21600 0.01500
2450822.817570 16.24700 0.01100
2450824.846810 16.22500 0.01200
2450826.670310 16.18700 0.01300
2450829.740890 16.22400 0.01400
2450832.697110 16.38700 0.01300
2450836.795930 16.20400 0.01400
2450840.675300 16.26300 0.01700
2450843.675740 16.18500 0.01200
2450850.649330 16.24000 0.01400
2450854.687160 16.37400 0.01500
2450855.654050 16.22300 0.01700
2450856.620370 16.25400 0.01700
2450858.592930 16.23700 0.01300
2450864.743020 16.35700 0.02200
2450875.568260 16.19300 0.01100
2450880.553820 16.21300 0.01300
2450887.567130 16.18700 0.01300
2450892.695440 16.29800 0.01300
2450895.541550 16.22900 0.01500
2450898.548440 16.45300 0.01100
2450918.536630 16.51300 0.02400
2450922.615760 16.22800 0.01400
2450928.541720 16.43600 0.01900
2450933.573400 16.49300 0.01800
2450947.513030 16.34700 0.01800
2450952.506890 16.41900 0.01500
2451045.901500 16.31200 0.01700
2451051.881720 16.16300 0.01400
2451052.916960 16.21800 0.01600
2451053.897190 16.28400 0.01200
2451054.912860 16.16300 0.01300
2451055.885360 16.39000 0.01900
2451059.898120 16.17800 0.01500
2451061.907880 16.18300 0.01600
2451069.855310 16.19100 0.01300
2451076.877260 16.14300 0.01200
2451087.827470 16.40600 0.01600
2451091.829980 16.20500 0.01400
2451102.812370 16.31700 0.01100
2451106.867400 16.21600 0.01300
2451107.795180 16.25900 0.01300
2451113.807960 16.16000 0.01200
2451119.812680 16.35000 0.01300
2451128.820940 16.18100 0.01300
2451131.706490 16.40500 0.01800
2451132.758520 16.18700 0.01300
2451136.791830 16.42700 0.01200
2451138.818260 16.20900 0.01100
2451142.682950 16.15500 0.01100
2451144.751860 16.22400 0.01100
2451151.777720 16.45800 0.01400
2451155.777030 16.23700 0.01300
2451158.774520 16.31200 0.01300
2451161.752450 16.34200 0.01100
2451165.773180 16.24400 0.01200
2451169.768050 16.21900 0.01300
2451174.741880 16.19300 0.01200
2451179.758700 16.18800 0.01300
2451181.830790 16.39100 0.01400
2451186.785190 16.28600 0.01200
2451187.846450 16.25200 0.01200
2451192.692320 16.24900 0.01200
2451196.725210 16.25100 0.01500
2451201.734080 16.24200 0.01800
2451203.753890 16.33000 0.01500
2451207.610780 16.37200 0.01700
2451211.648540 16.16700 0.01300
2451214.649440 16.25800 0.01500
2451217.624280 16.38700 0.01700
2451220.629120 16.28400 0.01300
2451223.655350 16.18700 0.01300
2451225.596300 16.21000 0.01200
2451227.676790 16.35400 0.02100
2451231.572710 16.23100 0.01500
2451234.620930 16.38200 0.01600
2451236.628450 16.25900 0.01800
2451240.580900 16.19200 0.01300
2451242.682590 16.40000 0.01700
2451244.632220 16.42300 0.01500
2451247.562810 16.25200 0.01700
2451256.547500 16.39100 0.01800
2451260.573030 16.19100 0.01300
2451265.547950 16.19000 0.01300
2451274.525860 16.27000 0.01600
2451277.530140 16.18300 0.01500
2451281.558620 16.42900 0.01700
2451288.528370 16.45100 0.01800
2451290.595800 16.24400 0.01500
2451296.533130 16.29600 0.01700
2451298.571040 16.47500 0.02200
2451301.512820 16.30500 0.01700
2451305.558590 16.28700 0.01500
2451308.488100 16.46400 0.01500
2451313.534630 16.54200 0.02100
2451316.526480 16.29200 0.00800
2451319.502760 16.21200 0.01300
2451329.496580 16.23300 0.01700
2451330.496100 16.40900 0.01900
2451335.472480 16.43000 0.01700
2451342.471300 16.41400 0.01800
2451412.861130 16.18100 0.01800
2451418.858350 16.41400 0.01700
2451430.912900 16.25100 0.01700
2451432.846720 16.25300 0.01900
2451435.822740 16.38500 0.02000
2451437.806640 16.26600 0.01600
2451440.854290 16.36300 0.01600
2451446.866350 16.18600 0.01700
2451447.891890 16.23600 0.01600
2451451.876150 16.16700 0.01400
2451455.854990 16.38200 0.01900
2451459.793640 16.22600 0.01300
2451462.797920 16.43900 0.02100
2451470.858270 16.33100 0.01400
2451475.770900 16.21000 0.01300
2451478.726270 16.16900 0.01600
2451481.699910 16.28600 0.01700
2451484.849360 16.24100 0.01300
2451487.746290 16.26800 0.01400
2451490.726150 16.16300 0.01400
2451492.719270 16.23600 0.01300
2451495.717750 16.14500 0.01300
2451499.675530 16.27000 0.01700
2451502.670800 16.19300 0.01500
2451505.711390 16.18600 0.01300
2451507.844820 16.37600 0.01600
2451510.820810 16.20900 0.01300
2451512.717580 16.20700 0.01600
2451514.828690 16.40700 0.01800
2451517.664130 16.15400 0.01500
2451519.737770 16.29000 0.01300
2451521.673510 16.42800 0.01500
2451523.794260 16.25500 0.01900
2451525.788640 16.18600 0.01200
2451527.717580 16.20200 0.01300
2451528.763950 16.23100 0.01200
2451529.785010 16.33700 0.01300
2451531.778150 16.44700 0.01500
2451538.734670 16.30400 0.01300
2451541.690770 16.32000 0.01100
2451542.720650 16.18400 0.01500
2451544.646670 16.18100 0.01300
2451547.773590 16.21200 0.01200
2451548.751190 16.32800 0.01300
2451549.745450 16.21900 0.01100
2451552.610200 16.20500 0.01200
2451554.736670 16.23000 0.01200
2451555.743360 16.24900 0.01200
2451562.746320 16.17800 0.01400
2451564.624920 16.19600 0.01500
2451567.717470 16.20900 0.01500
2451570.622810 16.46300 0.01400
2451574.749500 16.19500 0.01100
2451577.699180 16.23300 0.01400
2451580.735240 16.35900 0.01300
2451583.620610 16.23900 0.01300
2451586.620880 16.18100 0.01200
2451589.625430 16.22200 0.01300
2451592.617190 16.35200 0.01200
2451595.663090 16.49000 0.01600
2451599.602790 16.25600 0.01200
2451601.680770 16.19600 0.01500
2451604.562300 16.34100 0.01600
2451606.597170 16.22300 0.01500
2451609.638530 16.28500 0.01400
2451610.623660 16.32300 0.01500
2451613.514680 16.20000 0.01500
2451615.546630 16.21600 0.01300
2451617.618020 16.43300 0.01300
2451619.601650 16.35200 0.01600
2451620.552840 16.18900 0.01600
2451622.503000 16.21700 0.01500
2451624.499550 16.42300 0.01700
2451626.500390 16.29600 0.01600
2451627.621500 16.36000 0.01700
2451629.500550 16.40900 0.01500
2451630.581930 16.24000 0.01400
2451632.518470 16.23200 0.01400
2451634.496190 16.38500 0.01400
2451643.488110 16.26600 0.01600
2451646.487090 16.38300 0.01900
2451650.573540 16.20500 0.02300
2451654.525540 16.33700 0.01700
2451656.511740 16.44000 0.01500
2451659.519190 16.30700 0.01600
2451661.543140 16.43500 0.01600
2451663.568410 16.27500 0.01200
2451667.510080 16.21700 0.01600
2451670.531820 16.25500 0.01500
2451673.502280 16.42100 0.01900
2451681.472190 16.33300 0.02100
2451691.520110 16.29100 0.01000
2451694.476670 16.22500 0.01700
