2450455.679810 17.09200 0.01400
2450456.685830 16.80300 0.01800
2450456.795370 16.81900 0.01400
2450457.587610 16.77200 0.01300
2450457.631520 16.76600 0.01300
2450457.690170 16.77100 0.01400
2450457.748770 16.77900 0.01300
2450457.807410 16.78700 0.01400
2450457.836880 16.80300 0.01500
2450458.663970 16.84700 0.01500
2450458.733070 16.84600 0.01500
2450459.581220 16.97200 0.01600
2450459.627350 17.03700 0.01500
2450459.685930 16.97800 0.01400
2450459.745360 16.89800 0.01400
2450459.789220 16.84400 0.01500
2450459.833020 16.82300 0.01600
2450461.592100 16.79200 0.01300
2450461.635880 16.78600 0.01400
2450461.694540 16.79600 0.01300
2450461.764080 16.80000 0.01500
2450461.822720 16.78900 0.01500
2450462.592650 16.79000 0.01300
2450462.651260 16.78000 0.01300
2450462.697230 16.77700 0.01300
2450465.699320 16.84900 0.01600
2450465.743770 16.86900 0.01600
2450465.828530 16.92700 0.01500
2450466.679790 16.79800 0.01500
2450466.746340 16.78900 0.01300
2450466.831340 16.77600 0.01400
2450467.683460 16.78100 0.01400
2450467.788050 16.77200 0.01400
2450467.854010 16.76800 0.01700
2450468.694370 17.02900 0.01500
2450468.760280 16.86800 0.01400
2450468.818900 16.87000 0.01400
2450468.855510 16.86900 0.01300
2450469.691040 16.84700 0.01500
2450469.769170 16.96100 0.01800
2450469.838150 17.00400 0.01800
2450470.769740 16.86700 0.02100
2450471.676880 16.80900 0.01500
2450471.813630 16.81200 0.02000
2450472.651520 16.78900 0.01400
2450472.695290 16.79700 0.01400
2450472.739110 16.79400 0.01700
2450472.805020 16.77800 0.01600
2450472.834520 16.77500 0.01900
2450473.719050 17.40000 0.02900
2450474.731080 16.80500 0.01600
2450475.565390 16.80700 0.01500
2450475.624150 16.78500 0.01500
2450475.690250 16.80900 0.01800
2450475.742420 16.81400 0.01800
2450476.776420 16.79700 0.01900
2450477.562140 16.94900 0.01500
2450477.613460 16.89800 0.01400
2450477.760900 16.80800 0.01500
2450477.841730 16.77900 0.01600
2450478.568290 16.88700 0.01400
2450478.788670 17.53900 0.02100
2450478.847630 17.26800 0.02200
2450479.567100 16.76200 0.01300
2450479.610950 16.78200 0.01400
2450479.730180 16.79900 0.01700
2450479.848580 16.79500 0.01900
2450480.603150 16.76700 0.01400
2450480.684320 16.79300 0.01300
2450480.777920 16.79300 0.01400
2450480.822020 16.80900 0.01600
2450481.588340 16.85600 0.01500
2450481.736730 16.84800 0.01500
2450481.780730 16.80500 0.01500
2450481.824630 16.83000 0.01700
2450482.737580 16.84900 0.01400
2450482.815480 16.81400 0.01700
2450483.603840 16.85400 0.01600
2450483.648290 16.87600 0.01600
2450483.692200 16.91500 0.01500
2450483.736120 17.05100 0.01700
2450483.780060 17.22000 0.01800
2450483.823980 17.41100 0.02700
2450484.602570 16.78900 0.01400
2450484.711230 16.79800 0.01400
2450484.755570 16.80400 0.01400
2450484.799570 16.80400 0.01600
2450485.606160 16.77800 0.01300
2450485.753090 16.79200 0.01400
2450485.797220 16.79400 0.01500
2450486.602670 16.91200 0.01600
2450486.689030 16.85700 0.01600
2450486.744770 16.86100 0.01500
2450486.789920 16.84000 0.01600
2450487.629710 16.96200 0.01400
2450487.677890 17.02400 0.01500
2450487.725750 17.00400 0.01500
2450487.769840 16.95700 0.01600
2450487.813990 16.88400 0.01600
2450488.615160 16.82500 0.01400
2450488.659080 16.84800 0.01300
2450488.727930 16.89600 0.01600
2450488.771940 16.90600 0.01700
2450488.815990 16.97000 0.01900
2450489.590860 16.79300 0.01300
2450489.679860 16.80900 0.01300
2450489.723810 16.79300 0.01300
2450489.767710 16.78900 0.01400
2450490.584110 16.80700 0.01200
2450490.721300 16.79800 0.01300
2450490.765370 16.79100 0.01400
2450490.809390 16.77200 0.01500
2450491.608660 17.27000 0.01600
2450491.660430 17.06600 0.01600
2450491.704610 16.94000 0.01700
2450491.817970 16.86200 0.01600
2450492.592780 16.81800 0.01500
2450492.667110 16.88600 0.01800
2450493.595830 16.81100 0.01300
2450493.640300 16.81400 0.01400
2450494.590560 16.80700 0.01400
2450494.634490 16.79300 0.01300
2450494.678670 16.79700 0.01300
2450494.723030 16.79900 0.01500
2450494.767980 16.78300 0.00900
2450495.593350 16.80600 0.01700
2450495.666980 16.80500 0.01600
2450495.720450 16.79700 0.02000
2450496.588680 17.51400 0.02300
2450496.633480 17.60400 0.02600
2450496.677560 17.46400 0.02700
2450496.722490 17.23200 0.02500
2450497.691520 16.81600 0.01800
2450498.587780 16.78500 0.01400
2450498.631840 16.77700 0.01300
2450498.745570 16.79300 0.01600
2450498.789520 16.82300 0.01600
2450499.582760 16.83500 0.01800
2450499.628450 16.80900 0.01400
2450499.768750 16.81300 0.01800
2450500.537430 16.97300 0.01800
2450500.581420 16.87400 0.01900
2450500.625440 16.83100 0.02000
2450500.670380 16.83100 0.01700
2450500.721480 16.79400 0.01700
2450500.765960 16.81300 0.01900
2450501.589640 17.02200 0.01800
2450501.708390 17.54200 0.03000
2450507.578090 16.79800 0.01500
2450507.623250 16.78800 0.02100
2450507.695060 16.81000 0.02100
2450509.573910 16.91000 0.01600
2450509.621040 16.87500 0.01600
2450509.673360 16.85200 0.02500
2450510.615540 16.96800 0.01800
2450510.661110 17.00300 0.02100
2450510.708690 16.98000 0.01800
2450511.700990 16.86800 0.01900
2450512.607740 16.78100 0.01600
2450512.655980 16.78700 0.01800
2450512.730320 16.76400 0.01400
2450513.587980 16.80400 0.01500
2450513.633550 16.76900 0.01300
2450513.725250 16.79300 0.01400
2450514.596210 17.18500 0.01600
2450514.665290 16.95000 0.01700
2450514.715640 16.86400 0.01500
2450514.762500 16.82800 0.01500
2450515.590340 16.81600 0.01300
2450515.645120 16.87000 0.01400
2450515.693350 16.90600 0.01500
2450516.596650 16.82700 0.01700
2450516.697830 16.84500 0.01600
2450516.744350 16.84600 0.01600
2450517.594650 16.81400 0.01700
2450517.644470 16.80300 0.01500
2450517.694470 16.80300 0.01600
2450517.740630 16.77200 0.01700
2450518.632010 16.79200 0.01500
2450518.677250 16.81700 0.01800
2450518.726330 16.78500 0.01800
2450519.592600 17.59400 0.02100
2450519.639270 17.46600 0.02700
2450519.721670 17.08700 0.02000
2450520.733420 16.85700 0.01900
2450521.588940 16.80000 0.01800
2450521.634040 16.80400 0.02000
2450521.696840 16.81500 0.02200
2450523.598220 16.81800 0.01800
2450523.651170 16.80700 0.01500
2450523.701060 16.80600 0.01800
2450524.590690 17.13700 0.02100
2450524.640610 17.33300 0.03300
2450526.577580 16.77200 0.01800
2450527.702730 16.82200 0.01900
2450530.592900 16.79300 0.02100
2450531.590310 16.77900 0.02000
2450532.579780 16.85300 0.02000
2450533.596990 16.99200 0.02300
2450534.586220 16.85100 0.01900
2450534.630310 16.86900 0.01800
2450534.682080 16.88200 0.02200
2450535.570800 16.77800 0.01500
2450535.631050 16.81700 0.02000
2450536.549940 16.79500 0.01600
2450536.595090 16.80500 0.01700
2450536.645640 16.76800 0.02300
2450537.544530 17.28200 0.01900
2450537.644750 16.90100 0.01600
2450538.532550 16.80200 0.01600
2450538.584280 16.86300 0.01600
2450539.541140 16.81900 0.01500
2450539.652230 16.85800 0.01500
2450540.657960 16.79200 0.01600
2450541.551500 16.83000 0.01500
2450541.608560 16.79300 0.01400
2450542.540620 17.54600 0.02100
2450542.592480 17.54100 0.02100
2450542.639950 17.31700 0.02100
2450543.578880 16.79500 0.01600
2450543.659960 16.84000 0.01600
2450544.531600 16.79000 0.01500
2450544.575900 16.79000 0.01500
2450544.620190 16.79900 0.01600
2450544.665430 16.81000 0.01700
2450551.521360 17.05300 0.01600
2450552.532820 16.87400 0.01700
2450553.538170 16.77200 0.01400
2450554.514870 16.78100 0.01600
2450554.600330 16.75800 0.01900
2450555.521250 16.87700 0.02800
2450557.621790 16.83600 0.01900
2450558.568550 16.77600 0.02300
2450559.552390 16.81500 0.01800
2450560.530410 17.19500 0.02500
2450561.530440 16.82700 0.01700
2450562.531980 16.80200 0.02000
2450564.533200 16.78400 0.02000
2450565.538960 17.58500 0.02500
2450566.532950 16.79000 0.01300
2450567.534030 16.77000 0.01300
2450568.519290 16.81900 0.02100
2450569.529080 16.83200 0.01400
2450571.514920 16.79500 0.01400
2450572.545390 16.77200 0.01500
2450574.507470 16.99600 0.01500
2450575.506060 16.87700 0.02100
2450577.515000 16.78900 0.01400
2450578.528580 16.87900 0.01600
2450582.510730 16.79500 0.01800
2450583.513470 17.13900 0.02200
2450672.898970 16.92700 0.01300
2450689.882970 16.79200 0.01300
2450699.884210 16.79200 0.01300
2450701.849800 16.79600 0.01600
2450704.892350 16.80300 0.01500
2450706.873740 16.81900 0.01600
2450714.849580 17.03700 0.01400
2450716.805770 16.79400 0.01300
2450720.862090 16.81800 0.01400
2450728.800960 17.35900 0.01700
2450729.801000 16.80200 0.01500
2450730.756540 16.77400 0.01400
2450733.847540 17.06900 0.02100
2450741.850810 16.86700 0.01400
2450745.805630 16.80300 0.01400
2450747.854000 16.85500 0.01500
2450753.807850 16.78700 0.01300
2450766.816530 16.82300 0.01800
2450772.835680 16.80400 0.01500
2450775.817400 16.81200 0.01300
2450779.836060 17.34700 0.01700
2450787.812440 16.84800 0.01300
2450789.796460 16.85300 0.01600
2450790.806920 16.80400 0.01300
2450795.764560 16.79900 0.01400
2450796.836460 16.80500 0.01500
2450797.764260 17.62500 0.02100
2450798.736190 16.79400 0.01400
2450805.821070 16.81300 0.02000
2450816.792070 16.90400 0.01400
2450817.711320 16.80200 0.01300
2450819.810990 16.81700 0.01900
2450822.825190 16.81000 0.01100
2450824.854440 16.79800 0.01300
2450826.677920 16.78800 0.01400
2450829.780390 16.90800 0.01700
2450832.704760 16.78000 0.01300
2450836.803550 16.76600 0.01500
2450840.682920 16.80900 0.01500
2450843.683360 17.57200 0.01900
2450850.656960 16.77000 0.01500
2450854.694770 16.81100 0.01600
2450855.661670 16.77600 0.02100
2450856.627990 16.92700 0.01600
2450858.600530 16.82300 0.01600
2450864.750630 16.79800 0.02400
2450875.575870 17.02200 0.01300
2450880.561420 16.86300 0.01400
2450887.574810 16.82900 0.01400
2450892.703020 16.79400 0.01400
2450895.549150 16.77700 0.01600
2450898.556050 17.03000 0.01100
2450918.544280 16.79700 0.02100
2450922.623370 16.91600 0.01500
2450928.549290 16.80500 0.01900
2450933.580980 16.79700 0.01500
2450947.520630 16.76500 0.02000
2450952.514490 16.81200 0.01400
2451045.909140 16.78600 0.01700
2451051.889370 16.82400 0.01500
2451053.904830 16.78200 0.01200
2451054.920510 16.81200 0.01800
2451055.893010 16.84400 0.01600
2451059.905780 16.78400 0.01400
2451061.915520 17.00600 0.02300
2451069.862990 16.78200 0.01300
2451087.835110 16.80100 0.01400
2451091.837660 16.81700 0.01600
2451102.820030 16.93100 0.01100
2451106.875070 16.85300 0.01500
2451107.802840 17.01200 0.01500
2451113.815610 16.83200 0.01300
2451119.820350 16.79000 0.01300
2451128.828570 16.76600 0.01400
2451131.714160 16.84100 0.01700
2451132.766200 16.79200 0.01400
2451136.799480 16.83400 0.01300
2451138.825900 16.78500 0.01400
2451142.690600 16.83100 0.01200
2451144.759520 17.28400 0.01500
2451151.785390 16.76600 0.01300
2451155.784670 16.78600 0.01300
2451158.782170 16.93900 0.01500
2451161.760070 16.80600 0.01100
2451165.780820 16.81800 0.01300
2451169.775700 16.77100 0.01400
2451174.749490 16.76400 0.01400
2451179.766380 16.79700 0.01500
2451181.838450 17.06800 0.01600
2451186.792830 16.84800 0.01200
2451187.854080 16.85800 0.01300
2451192.699960 16.78200 0.01200
2451196.732880 16.78200 0.01700
2451203.761520 16.86000 0.01500
2451207.618390 16.80700 0.01600
2451211.656150 16.79500 0.01500
2451214.657050 16.77900 0.01600
2451217.631860 16.95700 0.01600
2451220.636730 16.78300 0.01400
2451223.662960 16.85900 0.01400
2451225.603950 16.77700 0.01200
2451227.684390 16.93900 0.01900
2451231.580330 17.57300 0.02300
2451234.628580 16.81500 0.01500
2451236.636070 17.35400 0.03200
2451240.588510 16.96500 0.01600
2451242.690200 16.79800 0.01600
2451244.639830 16.86800 0.01500
2451247.570400 16.79600 0.01600
2451256.555110 16.78400 0.01500
2451260.580620 16.79600 0.01500
2451265.555570 16.77300 0.01500
2451274.518220 16.81000 0.01900
2451277.537750 17.57600 0.02600
2451281.550950 16.83400 0.01800
2451288.535980 16.76500 0.01600
2451290.603400 16.84300 0.01800
2451296.540740 16.88700 0.01900
2451298.578640 16.81100 0.02400
2451301.520380 16.81000 0.01900
2451305.566200 17.50600 0.02600
2451308.495750 16.84200 0.01500
2451313.542220 16.87000 0.02000
2451316.534070 16.76400 0.01800
2451319.510400 16.86900 0.01600
2451329.488930 16.79400 0.01900
2451332.471820 16.95800 0.02000
2451340.483640 16.79300 0.01900
2451412.868770 17.28900 0.02100
2451418.865990 16.79800 0.02000
2451431.848350 16.94100 0.01500
2451432.854360 16.82200 0.01600
2451435.830390 17.33100 0.02500
2451437.814330 16.79400 0.01600
2451440.861950 17.67100 0.02700
2451446.874000 16.81300 0.01800
2451447.899560 16.79800 0.02100
2451451.892280 16.79100 0.01700
2451455.862630 16.84500 0.02300
2451459.801310 16.80800 0.01600
2451462.805560 16.77300 0.01800
2451470.865950 16.80400 0.01400
2451475.778580 16.78100 0.01400
2451478.733940 16.83600 0.01800
2451481.707550 17.60400 0.02200
2451484.857020 16.79900 0.01400
2451487.736990 16.78700 0.01400
2451490.733800 16.90200 0.01700
2451492.726930 16.78300 0.01400
2451495.725420 17.03800 0.01500
2451499.683180 17.10700 0.02300
2451502.678460 16.80500 0.01500
2451505.719040 16.79700 0.01500
2451507.852460 16.79300 0.01600
2451510.828470 16.81500 0.01400
2451512.725230 16.82800 0.01800
2451514.836330 17.52300 0.02300
2451517.671780 16.86100 0.01500
2451519.745420 16.87600 0.01400
2451521.681150 16.76900 0.01400
2451523.801920 17.03100 0.02000
2451525.796280 16.79700 0.01400
2451527.725210 17.19200 0.01500
2451528.771580 16.86800 0.01400
2451529.792680 16.82300 0.01300
2451531.785790 16.80600 0.01300
2451538.742320 16.77900 0.01400
2451541.698420 17.01100 0.01300
2451542.728290 16.89600 0.01400
2451544.654330 16.78600 0.01300
2451547.781220 16.87600 0.01500
2451548.758840 16.80300 0.01300
2451549.753120 16.77400 0.01200
2451552.617820 16.79200 0.01300
2451554.744320 16.80900 0.01300
2451555.751030 17.46200 0.01900
2451562.753940 16.77900 0.01600
2451564.632540 17.05700 0.01900
2451567.725120 16.78900 0.01600
2451570.630420 16.81700 0.01400
2451574.741870 16.91500 0.01300
2451577.691550 16.80400 0.01400
2451580.727620 16.80400 0.01300
2451583.612980 17.00800 0.01800
2451586.628490 16.86000 0.01300
2451589.617800 16.78800 0.01500
2451592.609530 16.90600 0.01400
2451593.652330 16.85000 0.01600
2451595.655460 16.79600 0.01500
2451599.595150 16.81200 0.01400
2451601.673110 17.49400 0.02700
2451604.554660 16.85000 0.01500
2451606.589510 17.03800 0.01700
2451609.630880 16.87000 0.01500
2451610.616020 16.99300 0.01700
2451613.507060 16.77600 0.01700
2451615.538970 16.86800 0.01400
2451617.610380 16.77800 0.01300
2451619.593990 17.19300 0.02300
2451620.545210 16.80300 0.01800
2451622.495350 16.81000 0.01900
2451624.491890 17.13600 0.02300
2451626.492740 16.78600 0.01600
2451627.613830 16.81800 0.02000
2451629.492880 16.89600 0.01700
2451630.564330 16.80900 0.01500
2451632.510780 16.88100 0.01500
2451634.488530 16.83300 0.01500
2451643.480460 16.83000 0.01700
2451645.530640 16.85100 0.02500
2451646.479430 16.80800 0.01800
2451650.581130 16.86200 0.03300
2451654.517900 16.78900 0.01900
2451656.504080 17.04500 0.01600
2451659.511520 16.79300 0.01600
2451661.535500 16.97500 0.01600
2451663.560780 16.79100 0.01300
2451667.502430 16.81800 0.01900
2451670.524170 17.61900 0.02500
2451673.494600 16.83600 0.01900
2451681.464540 16.75400 0.02300
2451691.503400 16.80400 0.01700
