2450455.651580 18.04300 0.02100
2450455.730370 18.15900 0.02400
2450455.777950 18.00400 0.02300
2450456.598040 17.84800 0.02100
2450456.647760 17.85500 0.02700
2450456.718500 17.82400 0.02100
2450456.765970 17.83900 0.02000
2450456.817400 17.85300 0.02200
2450457.565740 17.84200 0.02300
2450457.609680 17.82100 0.02100
2450457.668320 17.84100 0.02300
2450457.726900 17.84300 0.02200
2450457.785560 17.86900 0.02200
2450457.844270 18.01800 0.02800
2450458.642130 18.17000 0.03100
2450458.700770 18.01800 0.02900
2450459.559340 17.87500 0.02700
2450459.605510 17.82500 0.02300
2450459.664080 17.82900 0.02100
2450459.723530 17.81300 0.02100
2450459.767360 17.80900 0.02200
2450459.811150 17.83800 0.02100
2450461.614030 18.04400 0.02400
2450461.672680 17.88700 0.02100
2450461.738820 17.89300 0.02100
2450461.800840 17.85500 0.02600
2450462.570760 17.85700 0.02100
2450462.629400 17.81300 0.02000
2450462.675380 17.80700 0.02000
2450465.674240 17.83800 0.02700
2450465.721930 17.83500 0.03100
2450465.806700 17.87000 0.02300
2450466.657960 18.12000 0.02600
2450466.724470 18.03000 0.02400
2450466.809480 17.84000 0.02400
2450467.661610 17.83700 0.02200
2450467.766220 17.81900 0.02200
2450467.832170 17.82200 0.02400
2450468.668300 17.89000 0.02500
2450468.738480 17.88200 0.02400
2450468.797070 18.05300 0.02500
2450468.848230 18.14700 0.02400
2450469.669170 17.93800 0.03200
2450469.747290 17.86300 0.02700
2450469.806200 17.86600 0.02700
2450470.743940 17.83600 0.02800
2450471.655010 17.88300 0.02900
2450471.791790 18.14100 0.03300
2450472.629600 17.88800 0.02400
2450472.673460 17.85200 0.02300
2450472.717250 17.87900 0.02700
2450472.783200 17.83500 0.03100
2450474.709160 18.14100 0.03100
2450474.775610 17.94600 0.04400
2450475.543550 17.91800 0.02700
2450475.602340 17.83400 0.02500
2450475.668480 17.90000 0.03200
2450475.720610 17.85300 0.02900
2450476.754610 17.94200 0.03100
2450477.540290 18.00600 0.02500
2450477.591610 18.11500 0.02400
2450477.739070 17.87300 0.02300
2450477.819940 17.85200 0.02600
2450478.546440 17.86100 0.02400
2450478.766830 17.80700 0.02200
2450478.825800 17.83700 0.02300
2450479.545270 17.89300 0.02400
2450479.589190 17.86100 0.02100
2450479.752090 18.04500 0.02800
2450479.826800 18.05800 0.03800
2450480.581340 18.09000 0.03000
2450480.662500 17.88500 0.02000
2450480.756060 17.83100 0.02200
2450480.800190 17.83800 0.02400
2450481.566520 17.88300 0.02500
2450481.714890 17.84200 0.02300
2450481.758870 17.83600 0.02800
2450481.802830 17.87900 0.02600
2450482.715760 18.15400 0.02900
2450482.793660 18.02900 0.02300
2450483.582030 17.89600 0.02800
2450483.626480 17.85200 0.02500
2450483.670330 17.84400 0.02400
2450483.714330 17.84000 0.02300
2450483.758220 17.84500 0.02500
2450483.802140 17.83000 0.02500
2450484.580700 17.85000 0.02500
2450484.689370 17.85400 0.02500
2450484.733740 17.84300 0.02400
2450484.777740 17.91100 0.02600
2450485.584340 18.03200 0.02600
2450485.731290 17.99500 0.02400
2450485.775370 17.89700 0.02400
2450486.580850 17.86400 0.02200
2450486.626360 17.87100 0.02300
2450486.722910 17.86300 0.02500
2450486.768110 17.81800 0.02300
2450487.607800 17.86400 0.02100
2450487.656090 17.85300 0.02100
2450487.703840 17.89500 0.02000
2450487.748010 17.98600 0.02500
2450487.792180 18.11900 0.02800
2450488.593310 18.11200 0.02600
2450488.637270 17.98800 0.02100
2450488.706130 17.84000 0.02500
2450488.750140 17.84600 0.02300
2450488.794190 17.84500 0.02600
2450489.569050 17.82300 0.02100
2450489.658030 17.82400 0.02100
2450489.701940 17.80500 0.02100
2450489.745860 17.85600 0.02200
2450490.562270 17.88100 0.01900
2450490.699490 18.07200 0.02700
2450490.743580 18.17600 0.02800
2450490.787590 18.12000 0.02700
2450491.586800 17.92100 0.02200
2450491.638610 17.86300 0.02300
2450491.682750 17.85300 0.02200
2450491.796150 17.85300 0.02600
2450492.570970 17.87500 0.02600
2450492.645290 17.81700 0.02400
2450493.574010 17.94800 0.02300
2450493.618500 18.08600 0.02600
2450494.568720 17.87100 0.02300
2450494.612650 17.86400 0.02300
2450494.656870 17.85400 0.02600
2450494.701200 17.85100 0.02200
2450494.746180 17.82000 0.02500
2450495.571530 17.81100 0.02700
2450495.645180 17.85100 0.02500
2450495.698630 17.87700 0.03500
2450496.566920 18.13300 0.03200
2450496.611690 18.15700 0.03400
2450496.655740 18.05800 0.04700
2450496.700630 17.90100 0.03700
2450497.740080 17.85600 0.03300
2450498.565980 17.86700 0.02300
2450498.610030 17.87900 0.02100
2450498.723780 18.04800 0.02900
2450498.767700 18.19600 0.03300
2450499.560930 18.08200 0.02900
2450499.606630 17.94900 0.02500
2450499.746940 17.86700 0.02800
2450500.559330 17.82500 0.02800
2450500.603660 17.83500 0.03300
2450500.648550 17.84000 0.03100
2450500.699700 17.85100 0.03400
2450500.744140 17.81000 0.03200
2450501.567840 17.90700 0.03000
2450501.686590 18.17200 0.04400
2450507.556280 18.10400 0.02400
2450507.601460 18.06100 0.03000
2450507.673280 17.84300 0.04200
2450509.552140 17.88600 0.02900
2450509.599210 17.91600 0.02700
2450509.651520 17.98900 0.02900
2450510.593760 17.88800 0.02700
2450510.639330 17.87400 0.02700
2450510.686920 17.89700 0.03200
2450511.679210 17.91100 0.03900
2450512.585880 18.07300 0.02600
2450512.634220 18.23100 0.04500
2450512.708520 18.05800 0.02700
2450512.754020 17.92200 0.02300
2450513.566170 17.83700 0.02300
2450513.611760 17.85800 0.02200
2450513.703440 17.85600 0.02300
2450513.750660 17.82500 0.02500
2450514.574410 17.80800 0.02100
2450514.643480 17.86400 0.02400
2450514.693840 17.86900 0.02400
2450514.740700 17.96100 0.02500
2450515.568560 18.16400 0.02600
2450515.623320 18.02100 0.02400
2450515.671560 17.94000 0.02400
2450516.574880 17.90100 0.03100
2450516.629090 17.81900 0.02700
2450516.676010 17.83600 0.02500
2450516.722560 17.82100 0.02600
2450517.572870 17.87400 0.02500
2450517.622690 17.86700 0.02900
2450517.672680 17.94500 0.03100
2450517.718860 18.05100 0.03200
2450518.610230 17.94300 0.02600
2450518.655460 17.86000 0.02800
2450518.704540 17.84300 0.03400
2450519.570850 17.83900 0.02300
2450519.617460 17.83300 0.03000
2450519.699890 17.85800 0.02700
2450520.711620 18.13900 0.03600
2450521.567120 17.90100 0.03300
2450521.612270 17.87000 0.03200
2450521.675030 17.84700 0.03700
2450523.576280 18.15400 0.03100
2450523.628820 18.16400 0.03300
2450523.678700 17.98200 0.03400
2450524.568630 17.86200 0.03000
2450524.618670 17.83800 0.03400
2450526.555810 18.13700 0.04700
2450526.657790 17.91300 0.03800
2450527.680950 17.81100 0.03100
2450530.571090 17.81400 0.03400
2450531.568510 18.05700 0.03600
2450532.558000 17.85800 0.02900
2450533.575210 17.88100 0.03400
2450534.564390 18.17700 0.04700
2450534.608550 18.05700 0.03800
2450534.660300 17.90100 0.03300
2450535.549030 17.82000 0.02500
2450535.609320 17.82300 0.03100
2450535.683030 17.84000 0.03400
2450536.528140 17.83600 0.02400
2450536.573380 17.84400 0.02500
2450536.623810 17.91400 0.03600
2450537.522760 18.05300 0.02800
2450537.622920 17.85700 0.02700
2450537.669800 17.84700 0.03400
2450538.510710 17.86300 0.02900
2450538.562500 17.79900 0.02600
2450539.519350 17.83700 0.02700
2450539.630480 18.10000 0.03000
2450539.674570 18.13000 0.03100
2450540.680620 17.85600 0.02800
2450541.529760 17.82600 0.02400
2450541.586780 17.82800 0.02300
2450542.518840 18.05900 0.02800
2450542.570750 18.18300 0.03000
2450542.618200 18.15700 0.02900
2450542.662350 17.98300 0.03300
2450543.557050 17.87800 0.02400
2450543.601140 17.82300 0.02500
2450543.638200 17.82500 0.02500
2450544.509850 17.83300 0.02500
2450544.554150 17.86300 0.02800
2450544.598420 17.84600 0.02400
2450544.643640 17.89000 0.02900
2450551.499570 17.85300 0.02300
2450552.507890 17.79900 0.02600
2450553.516340 18.13000 0.02900
2450553.627070 17.93500 0.03000
2450554.493090 17.82000 0.02500
2450554.578550 17.80500 0.03300
2450555.499410 17.88000 0.03500
2450557.599990 17.86700 0.03400
2450558.546760 18.03400 0.04200
2450559.530570 17.88800 0.02800
2450560.508620 17.77800 0.03000
2450561.508660 18.06100 0.04000
2450562.510220 17.92500 0.03300
2450564.511350 18.10800 0.03500
2450565.517180 17.84300 0.02500
2450566.511180 17.84600 0.02200
2450567.512230 17.90100 0.02100
2450568.497500 17.83100 0.04400
2450569.507330 17.97600 0.02900
2450571.493130 17.85100 0.02700
2450572.522360 18.11500 0.03200
2450573.526220 17.83400 0.02800
2450574.484600 17.85500 0.02300
2450575.483240 18.03200 0.03300
2450576.498320 17.83300 0.03300
2450578.505250 17.84000 0.02100
2450582.487910 17.87600 0.03100
2450583.490650 18.15100 0.02800
2450672.876060 17.82500 0.01800
2450699.909950 17.82800 0.03100
2450701.826870 17.91000 0.02800
2450704.869370 17.85400 0.02400
2450706.850800 18.18600 0.04200
2450714.818240 18.12000 0.02300
2450716.782840 17.80200 0.02100
2450728.778030 18.07600 0.02300
2450730.733570 17.85200 0.02200
2450733.824570 18.10700 0.04400
2450741.827820 18.12000 0.02800
2450745.782630 17.84600 0.02200
2450747.831060 17.92400 0.02400
2450753.779020 17.87600 0.02400
2450759.819470 17.83200 0.02000
2450766.793640 17.90500 0.03400
2450772.812710 17.85500 0.02000
2450775.794440 17.79800 0.02000
2450779.813100 18.20700 0.02700
2450787.789520 18.02000 0.02300
2450789.773510 17.85600 0.02300
2450790.784000 18.19000 0.02900
2450795.741610 17.89800 0.02200
2450796.813520 17.86800 0.02300
2450797.741270 17.83900 0.02100
2450798.713250 17.97600 0.02200
2450805.798160 17.81600 0.03100
2450816.769190 17.82700 0.02900
2450817.688390 17.99100 0.02200
2450819.788090 17.87200 0.02300
2450822.802280 17.94600 0.01800
2450824.831560 17.87300 0.02400
2450829.725640 17.81600 0.10600
2450832.681870 17.84600 0.02200
2450836.780690 18.12200 0.03300
2450840.660050 17.81700 0.02400
2450850.634090 18.13700 0.02700
2450854.664850 17.84600 0.02900
2450855.638830 18.03400 0.03500
2450856.605140 17.84900 0.02900
2450858.577710 18.01300 0.02600
2450864.680880 17.82300 0.03000
2450866.639820 18.10900 0.04200
2450875.553020 17.89300 0.02100
2450879.639550 17.85500 0.02700
2450880.538640 18.15700 0.02900
2450887.551920 17.91500 0.03100
2450892.635480 17.82700 0.02600
2450895.526360 17.79800 0.02800
2450898.533200 17.83800 0.01800
2450918.520330 18.10200 0.05200
2450922.600550 17.81800 0.02900
2450928.526530 17.90800 0.03200
2450931.548440 17.91900 0.03600
2450933.558180 17.86300 0.02700
2450947.497840 17.78200 0.03400
2450951.547800 17.87600 0.02300
2451045.886200 17.81700 0.02400
2451051.866480 17.83800 0.02500
2451052.901680 18.06600 0.02800
2451053.881870 17.82500 0.02100
2451054.897580 17.89800 0.02300
2451055.870050 17.93200 0.02700
2451059.882830 17.90000 0.03000
2451061.892560 17.85900 0.02700
2451068.890670 18.14400 0.02500
2451076.861960 18.06500 0.02800
2451081.865080 17.90900 0.02300
2451087.812140 18.08200 0.02700
2451091.814650 17.79900 0.02700
2451102.797100 17.83700 0.01600
2451106.852120 18.10900 0.02300
2451107.779880 17.87400 0.02200
2451113.792670 17.84900 0.02200
2451119.797400 17.87200 0.02700
2451126.820450 17.83300 0.02300
2451131.691230 18.17100 0.03300
2451132.743210 17.86600 0.02200
2451136.776490 18.15200 0.02800
2451138.800650 17.83000 0.02100
2451142.667670 18.05200 0.02200
2451144.736600 18.00400 0.02200
2451151.762440 17.81300 0.02200
2451155.761720 18.13100 0.02500
2451158.759260 17.99500 0.02400
2451161.737190 17.87600 0.01900
2451165.757910 17.87500 0.02200
2451169.752820 17.88300 0.02500
2451174.726640 18.12300 0.02500
2451179.743460 17.93900 0.02800
2451181.815500 17.85500 0.02900
2451186.769930 17.85800 0.01900
2451187.831210 18.12900 0.02500
2451189.840040 17.87700 0.02300
2451196.709920 17.99800 0.03000
2451201.718790 18.14100 0.02800
2451203.738640 17.83500 0.02200
2451207.595580 18.12500 0.03300
2451211.633330 17.84500 0.02300
2451214.634180 17.84900 0.02700
2451217.609070 17.87500 0.02000
2451220.613900 17.93400 0.02300
2451223.640130 18.15400 0.02500
2451225.581050 17.81000 0.01900
2451227.661590 17.82500 0.02300
2451231.557480 17.89500 0.02500
2451234.605720 18.13900 0.03000
2451236.613210 17.88200 0.03200
2451240.565680 17.91100 0.02500
2451242.667370 18.07900 0.03400
2451244.617010 17.85500 0.02600
2451247.547540 17.88100 0.02900
2451252.663430 17.89300 0.03300
2451256.532290 18.10300 0.03700
2451260.557800 17.83300 0.02400
2451265.532750 17.86700 0.02500
2451273.578640 17.86400 0.03600
2451277.514910 17.86100 0.02700
2451281.573930 17.84600 0.03000
2451288.513200 17.94100 0.03300
2451290.580570 17.85400 0.02900
2451296.517960 17.91500 0.03200
2451298.555860 17.85100 0.03400
2451301.497590 17.83400 0.03000
2451305.543380 17.89300 0.02900
2451308.472890 17.83900 0.02600
2451313.519370 17.93400 0.03400
2451316.511260 17.86700 0.01500
2451319.487500 17.85800 0.02700
2451329.511860 18.20900 0.04600
2451332.487100 18.01800 0.04200
2451340.459000 18.13200 0.04500
2451412.845820 17.87300 0.02800
2451418.843060 17.79800 0.02700
2451430.897540 18.06000 0.03000
2451432.831400 17.84200 0.03100
2451435.807430 17.82800 0.03100
2451437.791310 17.83000 0.02600
2451440.838990 17.87200 0.02800
2451446.851070 17.85900 0.03800
2451447.876590 17.83000 0.03100
2451451.771720 17.82800 0.02600
2451455.839660 18.06100 0.04500
2451459.778330 17.88500 0.02900
2451462.782600 17.82700 0.02600
2451470.842980 17.81800 0.02100
2451475.755580 17.84200 0.02400
2451478.710960 17.85100 0.03700
2451478.845830 17.82200 0.02400
2451481.684640 17.83400 0.02600
2451487.714020 17.81600 0.02300
2451490.710870 17.95400 0.02900
2451492.703950 17.85700 0.02600
2451495.702460 17.85100 0.02500
2451497.828650 17.82300 0.02600
2451499.660250 18.02800 0.03500
2451502.655470 17.86400 0.03200
2451505.696090 17.83100 0.02800
2451507.829540 17.83800 0.02500
2451510.805540 17.82300 0.02200
2451512.702250 18.20100 0.03800
2451514.813380 17.98700 0.03000
2451517.648840 17.85700 0.02400
2451519.722510 17.82400 0.02200
2451521.658230 17.84000 0.02300
2451523.779000 17.87900 0.02800
2451525.773350 18.00300 0.02100
2451527.702290 17.80000 0.02000
2451528.748630 18.14300 0.02400
2451529.769770 17.86100 0.02200
2451531.762860 18.04500 0.02600
2451538.719420 17.85200 0.02300
2451541.675520 17.87000 0.01900
2451542.705400 18.00600 0.02800
2451544.631360 17.84000 0.02100
2451547.758320 18.18300 0.02400
2451548.735910 17.83900 0.02000
2451549.730180 17.85500 0.01900
2451552.594920 17.83000 0.02000
2451554.721390 17.80600 0.02000
2451555.728110 18.05900 0.02400
2451562.731060 17.79900 0.03300
2451564.609630 17.98700 0.03500
2451567.702270 17.84200 0.02500
2451570.607580 17.83800 0.02200
2451574.764780 18.15800 0.02300
2451577.716500 18.07900 0.02500
2451580.750540 17.89000 0.02600
2451583.635890 17.92300 0.02600
2451585.722530 18.16400 0.02700
2451588.730240 17.93600 0.03200
2451591.703120 17.83100 0.03800
2451593.579730 17.88800 0.02500
2451595.718240 17.85600 0.03500
2451596.698170 18.09200 0.03400
2451599.620030 18.08700 0.02600
2451601.696090 17.99600 0.03800
2451604.577590 17.94100 0.02900
2451606.612510 17.87900 0.02500
2451609.653860 17.85600 0.02500
2451610.638940 17.92800 0.02700
2451613.530010 18.00000 0.03000
2451615.561940 17.96100 0.02800
2451617.633300 17.82600 0.02200
2451619.616970 17.85300 0.02900
2451620.568150 17.85200 0.03100
2451622.518300 17.85400 0.02900
2451624.514870 17.90600 0.03300
2451626.515700 18.05100 0.02900
2451627.636810 17.84700 0.03100
2451629.515830 18.20500 0.03100
2451630.597260 17.82500 0.02300
2451632.533800 17.92000 0.02500
2451634.511500 17.95500 0.02600
2451643.503450 17.86300 0.02700
2451646.502380 17.84600 0.03600
2451650.558350 17.88000 0.04300
2451654.540850 17.83400 0.02700
2451656.527040 18.14400 0.03300
2451659.534520 17.93200 0.03000
2451661.558470 18.03100 0.02700
2451664.520140 18.10000 0.03100
2451667.525340 18.08300 0.03700
2451670.547100 17.87400 0.03000
2451672.536060 18.10900 0.03900
2451681.487480 17.85000 0.05400
2451691.535380 18.19900 0.03600
2451694.491950 18.19000 0.04100
