2450726.839000 15.59900 0.00900
2450729.734410 15.58400 0.01000
2450741.787000 15.58800 0.01000
2450744.781750 15.58600 0.00900
2450745.866350 15.63300 0.01000
2450746.802510 15.85700 0.01000
2450747.746660 15.59400 0.00900
2450748.704220 15.57500 0.01000
2450749.838310 15.58400 0.01000
2450750.814990 15.58900 0.00900
2450751.812720 15.65700 0.01000
2450753.820270 15.61000 0.00900
2450754.763200 15.57900 0.01100
2450759.672420 15.58500 0.00900
2450761.807330 15.57300 0.01000
2450761.822440 15.57300 0.00900
2450769.795730 15.60000 0.00900
2450776.783790 15.84700 0.01000
2450778.812920 15.59600 0.01000
2450780.792640 15.57600 0.00900
2450782.772190 15.76000 0.01000
2450789.804550 16.04100 0.01100
2450792.711050 15.57600 0.01000
2450795.796470 15.99900 0.01000
2450796.750600 15.60900 0.01000
2450798.815270 15.58000 0.01000
2450817.719390 15.58800 0.00900
2450824.737710 15.58200 0.01000
2450826.702380 15.81500 0.01000
2450827.702780 15.60300 0.00900
2450828.692710 15.58400 0.00900
2450830.768180 15.58000 0.01000
2450831.558920 15.98900 0.01100
2450832.541690 15.61900 0.01100
2450833.561070 15.58900 0.00900
2450834.667090 15.58600 0.00900
2450834.799300 15.59500 0.01100
2450835.658120 15.57800 0.00900
2450837.678240 15.65800 0.00800
2450838.726360 15.98900 0.01200
2450839.676710 15.61100 0.01000
2450841.719700 15.57200 0.00900
2450842.755850 15.57100 0.01000
2450843.793020 15.58800 0.00900
2450844.535590 15.69600 0.01000
2450846.782830 15.59600 0.00900
2450850.773420 15.70600 0.00900
2450855.670750 15.60200 0.01400
2450856.743740 15.68000 0.01000
2450857.741470 15.90900 0.01100
2450858.728040 15.59400 0.00900
2450859.771250 15.57800 0.00900
2450860.617340 15.57800 0.00900
2450866.598580 15.58400 0.01000
2450874.581970 15.82900 0.00900
2450876.616790 15.61200 0.00900
2450876.718950 15.64900 0.00700
2450878.624060 15.57400 0.00800
2450880.640520 15.60900 0.00900
2450885.552220 15.60300 0.01400
2450887.685070 15.85700 0.01000
2450890.708570 15.58000 0.01200
2450891.540170 15.59400 0.01000
2450892.508300 15.71400 0.01000
2450893.674400 15.80500 0.01200
2450896.524050 15.58100 0.00900
2450900.577750 15.67100 0.01000
2450909.597150 15.58700 0.01400
2450919.578810 15.61000 0.01100
2450925.586720 15.61700 0.01100
2450931.589510 15.68900 0.01400
2450934.538280 15.58000 0.01100
2450937.555230 15.68800 0.01200
2450950.531970 15.61000 0.00900
2450952.522750 15.60200 0.00900
2450953.503390 15.59300 0.01000
2450963.485700 15.59800 0.01300
2451074.835770 16.01200 0.01200
2451076.817490 15.58700 0.01000
2451080.776040 16.01500 0.01100
2451083.839260 15.57100 0.00800
2451084.835290 15.57800 0.00900
2451086.860110 15.83300 0.01000
2451090.740610 15.59200 0.01100
2451092.757550 16.02900 0.01200
2451093.799500 15.71400 0.00900
2451106.783580 15.60000 0.00800
2451108.802210 15.57200 0.00800
2451114.810550 15.57300 0.00800
2451120.758270 15.58300 0.01000
2451126.779280 15.58900 0.01000
2451129.841460 15.69400 0.00900
2451132.837110 15.57700 0.00900
2451135.786540 15.74100 0.00900
2451140.835630 15.57800 0.00900
2451142.787220 15.99800 0.00900
2451152.744980 15.59200 0.01000
2451154.770100 16.04000 0.01000
2451156.735030 15.59500 0.00900
2451158.803630 15.58000 0.00900
2451160.801030 15.84100 0.00900
2451164.783020 15.57500 0.00800
2451165.828730 15.59600 0.00900
2451167.751930 15.74000 0.00900
2451168.711280 15.59900 0.00900
2451171.753040 15.59300 0.00800
2451175.752260 15.58000 0.00900
2451179.802530 15.97900 0.01100
2451184.709890 15.68300 0.00800
2451187.701390 15.58300 0.00900
2451188.715200 15.57600 0.00800
2451189.764250 15.56800 0.00800
2451191.778460 15.91300 0.00900
2451192.786870 15.72900 0.00800
2451193.826340 15.58800 0.00900
2451194.701930 15.57700 0.00900
2451201.790320 15.58000 0.01000
2451202.799460 15.59000 0.01000
2451204.705890 15.71700 0.01000
2451206.806000 15.58500 0.00900
2451207.716740 15.58500 0.01100
2451208.779800 15.58100 0.01000
2451212.777420 15.57300 0.01100
2451214.688420 15.58300 0.01000
2451215.593180 16.00300 0.01000
2451216.702120 15.92400 0.01000
2451217.751440 15.60600 0.01000
2451218.726450 15.58300 0.01100
2451219.665750 15.57100 0.01000
2451220.773080 15.59200 0.01000
2451221.639150 15.77400 0.01000
2451223.728160 15.61400 0.01000
2451226.618210 15.59000 0.01000
2451227.623040 15.72600 0.01000
2451230.689900 15.58000 0.01000
2451232.729030 15.57800 0.01000
2451235.623500 15.59600 0.01000
2451238.595090 15.58500 0.01100
2451240.718890 15.77500 0.01100
2451242.588420 15.58000 0.01000
2451243.686140 15.57300 0.01000
2451245.662970 15.58900 0.01100
2451248.541240 15.57200 0.01100
2451251.539160 15.62000 0.01300
2451255.548380 15.58000 0.01100
2451256.589660 15.57900 0.01000
2451258.624970 15.74000 0.00900
2451259.632590 15.90900 0.01000
2451261.586680 15.57500 0.00900
2451266.519270 15.59100 0.01100
2451267.573880 15.57400 0.01200
2451268.587230 15.57600 0.01100
2451274.590430 15.57000 0.01100
2451277.575260 16.00600 0.01200
2451279.560570 15.59000 0.01100
2451281.582780 15.57400 0.01100
2451289.472430 15.97800 0.01500
2451290.541880 15.65100 0.01100
2451298.471400 15.56900 0.01200
2451301.545670 15.77400 0.01300
2451305.574340 15.58500 0.01000
2451312.551030 15.58200 0.01200
2451317.484070 15.57300 0.00900
2451319.535480 15.60900 0.01100
2451327.476040 15.61700 0.01900
2451329.463170 15.57300 0.01200
2451330.527750 15.57700 0.01200
2451335.480570 15.57700 0.01000
2451431.879450 15.58400 0.00900
2451433.876420 15.92200 0.01300
2451436.793980 15.57900 0.01000
2451439.885210 15.77400 0.00900
2451443.825380 15.58200 0.01300
2451449.879460 15.58200 0.01200
2451454.844010 15.58600 0.01200
2451459.811000 15.61100 0.00800
2451461.849040 15.58800 0.01000
2451462.839400 15.58100 0.01100
2451471.835460 15.70100 0.01000
2451476.728090 16.03700 0.01100
2451478.805750 15.60100 0.00900
2451481.844200 15.59400 0.01100
2451484.793940 15.60400 0.00900
2451488.826240 15.67700 0.00900
2451491.804940 15.58900 0.01000
2451494.810330 15.64100 0.01100
2451496.692990 15.59600 0.01100
2451498.714730 15.58200 0.00900
2451502.710790 15.60000 0.01000
2451505.745560 15.59600 0.01200
2451507.746540 16.04100 0.01100
2451508.648740 15.60400 0.01000
2451509.812990 15.59900 0.00900
2451510.836700 15.58100 0.00900
2451511.668220 15.60500 0.01000
2451514.716360 15.62400 0.01000
2451516.685770 15.58100 0.00900
2451518.657780 15.64900 0.01000
2451520.683380 15.62400 0.01000
2451522.763580 15.59000 0.00900
2451523.656600 15.60900 0.01500
2451524.823540 15.59600 0.00900
2451526.661190 15.63200 0.00900
2451527.827450 15.61100 0.00900
2451529.730660 15.58500 0.00900
2451531.833380 15.60900 0.00900
2451538.789550 16.03000 0.01100
2451542.814190 15.58000 0.01000
2451543.846900 15.58900 0.01000
2451544.756030 15.99800 0.01000
2451548.788880 15.58700 0.00900
2451549.801470 15.59500 0.00900
2451552.724800 15.59400 0.00900
2451553.799760 15.57300 0.00900
2451554.815010 15.58600 0.00800
2451555.808980 15.58900 0.00900
2451562.800970 15.62500 0.00900
2451566.650400 15.58900 0.01000
2451568.672030 15.81200 0.01000
2451571.736750 15.58200 0.00900
2451574.788770 15.59700 0.00900
2451576.642600 15.60300 0.01000
2451578.742950 15.58300 0.01000
2451581.692260 16.04300 0.01100
2451583.731560 15.58800 0.01100
2451585.677640 15.58100 0.01000
2451588.652390 15.61200 0.01100
2451591.616100 15.60300 0.01300
2451595.631870 15.59200 0.01000
2451596.745110 15.57800 0.01000
2451599.737040 15.67500 0.01000
2451600.714610 15.89800 0.01300
2451601.742890 15.59800 0.01000
2451602.724400 15.57700 0.01000
2451605.515720 16.01000 0.01100
2451606.691060 15.92700 0.01100
2451609.704490 15.57900 0.00900
2451610.722080 15.59200 0.01200
2451611.699410 15.61500 0.01000
2451613.690060 15.60100 0.01100
2451614.685600 15.58200 0.01000
2451615.700050 15.57900 0.01000
2451617.681290 15.59400 0.00900
2451618.679690 16.00700 0.01200
2451620.497450 15.57800 0.01100
2451621.676580 15.56500 0.01200
2451623.662440 15.59600 0.01000
2451625.666890 15.65500 0.01000
2451626.667890 15.58700 0.00900
2451628.656190 15.58000 0.01000
2451630.675430 15.84100 0.01000
2451633.638740 15.57000 0.00900
2451634.632160 15.57800 0.00900
2451635.645850 15.59900 0.01000
2451643.618880 15.83800 0.01700
2451644.595960 15.59400 0.00900
2451650.589530 15.60400 0.01500
2451653.555540 15.58800 0.01000
2451655.591300 15.97300 0.01200
2451657.580460 15.59400 0.01200
2451659.584100 15.58700 0.01100
2451662.573580 15.60800 0.01000
2451665.555580 15.58600 0.01200
2451671.533410 15.58900 0.01100
2451684.475290 15.59100 0.01200
2451695.501120 15.58600 0.01000
