2450726.798350 17.06200 0.01500
2450728.861640 16.51100 0.01100
2450729.844510 16.37200 0.01300
2450739.829210 16.43900 0.01400
2450742.841520 16.48000 0.01300
2450744.814360 16.94100 0.01600
2450745.823920 16.38600 0.01200
2450746.862010 16.38500 0.01200
2450747.681390 16.39900 0.01100
2450748.658740 16.40400 0.01500
2450750.739040 16.37500 0.01300
2450751.769540 16.57500 0.01500
2450752.830900 16.38700 0.01200
2450754.839210 16.36400 0.01200
2450755.736460 16.39500 0.01400
2450759.739670 16.36800 0.01100
2450760.794160 16.57700 0.01300
2450762.814870 16.55300 0.01400
2450769.827270 16.56700 0.01400
2450773.814690 16.36400 0.01200
2450776.840700 16.93100 0.01600
2450779.781600 16.37300 0.01300
2450781.798180 16.46700 0.01300
2450783.806580 16.42600 0.01000
2450788.809030 16.37100 0.01000
2450790.823820 16.44500 0.01100
2450795.780530 16.37200 0.01200
2450798.775820 16.42500 0.01300
2450805.837400 16.37400 0.01900
2450816.831470 16.39800 0.01100
2450817.773940 16.82600 0.01500
2450824.721320 16.42300 0.01300
2450826.693610 17.12400 0.01700
2450827.664060 16.39000 0.01200
2450828.723490 16.43600 0.01100
2450829.788010 16.36100 0.01500
2450830.605060 16.41600 0.01400
2450831.613070 16.46200 0.01300
2450832.735910 16.37000 0.01300
2450833.668700 16.51000 0.01100
2450834.721780 16.35800 0.01200
2450835.688940 16.93200 0.01500
2450836.657790 16.40000 0.01200
2450837.639290 16.38700 0.01000
2450838.766950 16.38200 0.01700
2450839.637940 16.42900 0.01200
2450840.758370 16.45200 0.01200
2450842.670440 16.56600 0.01400
2450844.618180 16.57400 0.01500
2450845.643270 16.41400 0.01000
2450850.714300 16.36600 0.01300
2450854.751750 16.38400 0.01500
2450855.736350 16.37500 0.01800
2450856.643710 16.37100 0.01400
2450857.702000 16.39700 0.01400
2450858.655820 16.84600 0.02000
2450859.731740 16.34600 0.01300
2450860.672930 16.51900 0.01500
2450865.540610 16.48500 0.01400
2450867.596060 17.03500 0.02200
2450874.707570 16.41900 0.01000
2450876.576740 16.92900 0.01300
2450876.676920 17.11400 0.01400
2450878.713610 16.43400 0.01200
2450880.600380 16.44700 0.01300
2450885.607070 16.80600 0.02700
2450887.645400 16.40600 0.01600
2450890.668970 16.46500 0.01400
2450892.562530 16.57200 0.01300
2450895.605880 16.42000 0.01200
2450898.583540 16.36400 0.00700
2450918.598790 16.40900 0.01800
2450922.503080 16.48900 0.01300
2450928.564990 16.40100 0.01800
2450933.527270 16.58100 0.01400
2450951.485200 16.48500 0.01200
2451041.899390 16.37500 0.01200
2451072.847720 16.40400 0.01100
2451078.807860 16.55300 0.01200
2451080.862100 16.52300 0.01200
2451081.811480 16.42700 0.01200
2451083.879720 16.39300 0.01100
2451084.793340 16.35700 0.01300
2451086.813660 16.36800 0.01100
2451089.776710 16.44900 0.01200
2451090.798490 16.44800 0.01300
2451091.856650 16.36800 0.01400
2451092.855000 16.39700 0.01200
2451102.860660 16.37800 0.01000
2451107.843630 16.43700 0.01100
2451113.856800 16.41100 0.01200
2451116.801030 16.42500 0.01000
2451126.702780 16.93900 0.01600
2451129.801530 16.35600 0.01100
2451131.806190 16.42900 0.01500
2451132.798060 16.37400 0.01200
2451134.811120 16.39100 0.01000
2451142.748440 16.45000 0.01000
2451151.843080 16.44400 0.01300
2451153.714710 16.84600 0.01400
2451155.670400 16.38900 0.01500
2451157.730980 16.45100 0.01500
2451159.735960 16.39600 0.01200
2451161.801030 16.35600 0.01000
2451163.797670 16.40700 0.01200
2451165.797860 16.36600 0.01100
2451167.732580 16.63400 0.01400
2451168.743580 16.35000 0.01200
2451171.711420 16.50400 0.01100
2451174.839250 16.38500 0.01000
2451178.757220 16.54700 0.01300
2451181.722780 16.45100 0.01400
2451183.756320 16.39000 0.01100
2451185.805240 16.85100 0.01400
2451187.758490 16.47400 0.01200
2451189.746850 16.44600 0.01100
2451191.811750 16.37800 0.01000
2451192.842520 16.40500 0.01000
2451194.662020 16.94900 0.01500
2451196.678880 16.41700 0.01300
2451202.684260 16.37000 0.01300
2451204.664410 16.40000 0.01400
2451207.677180 16.40900 0.01400
2451211.688310 16.37000 0.01300
2451213.719000 16.40500 0.01400
2451214.726900 16.37500 0.01300
2451215.553030 16.40500 0.01200
2451216.621090 16.38800 0.01200
2451217.688700 16.69400 0.01400
2451219.625910 16.54600 0.01400
2451221.596600 16.48000 0.01300
2451223.686740 16.38300 0.01300
2451224.566400 16.45800 0.01500
2451226.574650 17.10700 0.01600
2451227.581710 16.38000 0.01200
2451232.671280 16.37200 0.01200
2451235.572470 17.01100 0.01800
2451237.556400 16.41100 0.01900
2451238.658400 16.37100 0.01500
2451241.558620 16.36900 0.01300
2451242.631980 16.50300 0.01400
2451243.599550 16.37600 0.01300
2451245.544290 16.39800 0.01400
2451247.678690 16.36900 0.01300
2451248.646420 16.42600 0.01300
2451251.600950 16.59500 0.01600
2451254.554830 16.42400 0.01500
2451255.587840 16.37500 0.01600
2451258.585150 16.67500 0.01400
2451260.612260 16.57800 0.01300
2451266.597690 16.41000 0.01600
2451268.518820 16.37400 0.01500
2451275.536230 16.36800 0.01500
2451278.518830 16.40800 0.01500
2451281.526880 16.47700 0.01700
2451290.496610 16.50800 0.01700
2451296.587500 16.40900 0.01500
2451300.533590 16.34900 0.01500
2451305.512000 16.38800 0.01400
2451308.542990 16.71800 0.01800
2451315.502180 16.40200 0.01900
2451318.484890 16.36700 0.01500
2451320.527070 16.36600 0.01500
2451331.489510 16.47500 0.01700
2451431.832840 16.41200 0.01300
2451433.829410 16.38700 0.01400
2451435.877320 16.55000 0.01400
2451437.870020 16.57700 0.01400
2451441.846170 16.38800 0.01200
2451443.800350 16.39200 0.01800
2451447.774100 16.37000 0.01700
2451448.864820 16.47900 0.01600
2451453.786780 17.11900 0.02700
2451455.783080 16.45400 0.02200
2451458.768980 16.46300 0.01800
2451460.780760 16.46000 0.01100
2451461.736950 16.36800 0.01300
2451471.747380 16.74400 0.01500
2451475.841830 16.42700 0.01200
2451478.766550 16.57900 0.01400
2451481.828760 16.40500 0.01300
2451484.833090 16.41000 0.01100
2451487.825860 16.58400 0.01300
2451491.764610 16.37700 0.01300
2451493.706530 16.40100 0.01300
2451495.749980 16.38300 0.01200
2451498.671120 16.46900 0.01400
2451500.811630 16.38400 0.01100
2451503.701940 17.06600 0.02000
2451505.808780 16.46800 0.01400
2451507.704840 16.43900 0.01600
2451508.821430 16.44100 0.01200
2451509.682960 16.35600 0.01200
2451510.648470 16.53300 0.01200
2451511.731090 16.37900 0.01300
2451512.765120 17.06000 0.01800
2451514.779610 16.43800 0.01400
2451516.825380 16.45500 0.01200
2451518.697270 16.36500 0.01200
2451520.722570 16.37300 0.01200
2451522.723260 16.40900 0.01200
2451523.723410 16.38900 0.01400
2451525.699360 16.41800 0.01200
2451527.764700 16.36700 0.01100
2451528.690630 16.58300 0.01200
2451529.816070 16.37600 0.01200
2451531.708020 16.42100 0.01200
2451538.665130 16.36900 0.01200
2451541.620970 16.37700 0.01100
2451542.775330 16.40300 0.01200
2451544.677670 17.06500 0.01500
2451546.702350 16.47700 0.01500
2451547.703960 16.37600 0.01000
2451548.681120 16.45200 0.01200
2451551.710490 16.43500 0.01000
2451552.643400 16.37300 0.01200
2451553.667090 17.06000 0.01600
2451554.645700 16.38000 0.01200
2451555.670180 16.39600 0.01300
2451556.644320 16.38000 0.01200
2451560.636040 16.53100 0.01500
2451564.555170 16.38500 0.01400
2451568.631840 16.35300 0.01300
2451571.641540 16.58200 0.01300
2451575.655910 16.40600 0.01400
2451578.696220 16.57000 0.01500
2451580.707010 16.55800 0.01200
2451582.641500 16.37000 0.01300
2451585.632270 16.93300 0.01700
2451588.635550 16.33400 0.01400
2451591.599400 16.36900 0.01800
2451595.592640 16.37700 0.01200
2451599.658630 16.43700 0.01200
2451600.625490 16.37200 0.01500
2451601.618640 16.47800 0.01600
2451602.685090 16.37500 0.01300
2451604.616690 16.39100 0.01200
2451606.573650 16.37300 0.01300
2451609.529890 16.36800 0.01500
2451610.544810 16.61100 0.01400
2451611.604900 16.37600 0.01300
2451613.585280 16.42100 0.01200
2451614.656340 16.39900 0.01400
2451616.514000 16.39900 0.01100
2451618.663180 16.35900 0.01400
2451619.553220 16.55600 0.01600
2451621.549360 16.49000 0.01600
2451623.646510 16.37200 0.01500
2451625.627560 16.40800 0.01400
2451627.597860 16.35500 0.01500
2451628.537770 16.51600 0.01500
2451630.509410 16.43500 0.01500
2451631.507240 16.44700 0.01300
2451633.622640 16.37800 0.01200
2451635.505630 17.08500 0.01900
2451643.581640 16.38100 0.01800
2451645.514720 16.39200 0.01900
2451653.500060 16.71700 0.01800
2451655.543960 16.36900 0.01400
2451657.553450 16.42600 0.01500
2451659.568060 16.37000 0.01400
2451662.535640 16.63700 0.01400
2451664.558720 16.37400 0.01400
2451669.528620 16.55000 0.01800
2451672.501350 16.40900 0.01600
2451687.498950 16.42100 0.01800
2451695.484310 16.38100 0.01500
