  466.55233 18.933 0.071
  466.56757 19.114 0.089
  466.59816 19.017 0.064
  466.62770 18.958 0.074
  467.54555 18.794 0.071
  467.57503 18.790 0.069
  467.60450 18.833 0.065
  467.63399 18.830 0.063
  469.55491 18.925 0.101
  469.59354 18.848 0.073
  469.62519 19.000 0.085
  471.62270 18.851 0.084
  472.53962 18.869 0.108
  472.55440 18.837 0.083
  472.56906 18.890 0.085
  472.58369 18.898 0.083
  621.80882 18.733 0.131
  624.91245 18.992 0.067
  625.89989 18.824 0.054
  626.87140 18.741 0.049
  627.85764 18.802 0.062
  628.89872 18.960 0.064
  629.89652 18.682 0.053
  631.92748 18.955 0.072
  632.86800 18.748 0.059
  633.90343 18.756 0.049
  635.89828 18.847 0.054
  643.86729 18.676 0.057
  645.83899 18.843 0.059
  647.79674 18.873 0.105
  649.79413 18.750 0.075
  652.84132 19.027 0.076
  656.85449 18.722 0.040
  657.82675 18.705 0.061
  658.86705 19.061 0.086
  663.77334 18.799 0.086
  664.87827 18.812 0.052
  665.82552 18.978 0.043
  666.83608 18.843 0.047
  667.85531 18.691 0.044
  668.82614 18.876 0.039
  670.79170 18.737 0.049
  671.81375 18.782 0.033
  672.81928 18.977 0.039
  673.78666 18.854 0.050
  684.74705 18.670 0.042
  685.80191 18.959 0.058
  686.70319 18.949 0.064
  687.78454 18.763 0.046
  688.72656 18.738 0.037
  689.75372 18.940 0.047
  697.71988 18.910 0.054
  698.79099 18.830 0.048
  699.69000 18.839 0.042
  700.73078 18.908 0.051
  701.70301 18.755 0.050
  704.73100 18.709 0.051
  706.69666 18.888 0.099
  707.73423 18.801 0.070
  708.75839 18.868 0.065
  712.75894 18.830 0.063
  713.74031 18.880 0.041
  714.75527 18.747 0.037
  715.72083 18.853 0.048
  716.68892 18.866 0.043
  726.67153 18.840 0.054
  728.68224 18.766 0.044
  729.68440 18.827 0.045
  730.66876 18.921 0.048
  733.63524 18.814 0.062
  739.65519 18.841 0.066
  741.62100 18.909 0.044
  742.59726 18.767 0.051
  744.64437 18.877 0.053
  745.59529 18.817 0.050
  746.78609 18.949 0.062
  747.65660 18.967 0.054
  748.61837 18.713 0.051
  749.62372 18.714 0.066
  750.61757 18.903 0.059
  751.62598 18.853 0.067
  752.74038 18.778 0.059
  753.67602 18.893 0.060
  759.63389 18.823 0.051
  760.65955 18.994 0.050
  761.63559 18.874 0.052
  761.74084 18.889 0.069
  762.62696 18.721 0.054
  762.65652 18.672 0.058
  763.64319 18.844 0.059
  763.75393 18.980 0.072
  765.57525 18.708 0.070
  766.61272 18.691 0.073
  766.71559 18.987 0.087
  767.62022 18.894 0.091
  767.68187 18.971 0.106
  769.60305 18.798 0.059
  769.67679 18.809 0.062
  770.60919 18.899 0.060
  771.64226 18.883 0.062
  772.60408 18.624 0.046
  773.60921 18.851 0.052
  773.76142 18.989 0.078
  774.60219 18.909 0.058
  775.56012 18.751 0.048
  776.64104 18.760 0.051
  777.61529 18.980 0.061
  778.61865 18.909 0.069
  778.75361 18.876 0.136
  779.64561 18.778 0.076
  779.75589 18.959 0.072
  780.64541 18.905 0.066
  781.55973 18.977 0.065
  781.74022 18.771 0.079
  782.62524 18.632 0.066
  782.74911 18.869 0.076
  783.54228 18.763 0.039
  784.58428 18.851 0.051
  784.67625 18.870 0.052
  785.61109 18.768 0.050
  785.75669 18.874 0.054
  786.61478 18.730 0.054
  786.63166 18.789 0.045
  787.69522 18.908 0.059
  788.62804 18.874 0.056
  788.65360 18.883 0.065
  790.57674 18.907 0.063
  792.55470 18.797 0.055
  795.61938 18.900 0.061
  796.54829 18.622 0.067
  796.73365 18.789 0.091
  797.70844 18.859 0.067
  798.57109 18.951 0.059
  799.70905 18.768 0.053
  800.62408 18.837 0.049
  802.68405 18.924 0.109
  805.61140 18.743 0.054
  806.62159 18.804 0.065
  808.55301 18.898 0.073
  816.68399 18.850 0.055
  817.59408 18.872 0.045
  819.55685 18.894 0.059
  820.63315 18.918 0.063
  822.55373 18.827 0.062
  824.57955 18.758 0.065
  825.65266 18.715 0.061
  828.61279 18.952 0.048
  829.57942 18.703 0.046
  832.58631 18.591 0.052
  833.60621 18.779 0.054
  834.57578 18.804 0.060
  836.55392 18.816 0.090
  838.58690 18.851 0.059
  840.59665 18.894 0.077
  845.54821 19.028 0.070
  850.57149 18.773 0.065
  855.57650 18.995 0.091
  859.56431 18.826 0.068
  866.52886 18.733 0.062
  875.51893 18.944 0.060
  962.93267 18.863 0.072
  966.93216 18.976 0.068
  970.90855 18.895 0.066
  976.88920 18.907 0.084
  982.87708 18.880 0.161
  986.84358 18.866 0.069
  987.85718 18.849 0.061
  991.92521 18.745 0.052
  996.92916 18.826 0.054
  998.90025 18.755 0.059
 1004.79883 19.097 0.086
 1006.82742 18.851 0.064
 1020.89691 18.891 0.062
 1025.93470 18.920 0.064
 1037.77886 18.935 0.063
 1041.78701 19.001 0.056
 1045.74872 18.825 0.049
 1048.72991 19.016 0.079
 1052.77281 18.641 0.046
 1055.64606 18.846 0.047
 1058.85801 18.626 0.061
 1059.77603 18.598 0.058
 1061.72878 18.992 0.075
 1064.81270 18.837 0.087
 1068.71410 18.963 0.062
 1072.69426 18.942 0.048
 1076.67202 18.680 0.043
 1078.68257 18.788 0.049
 1081.69512 18.860 0.049
 1084.63329 18.783 0.047
 1087.65320 18.660 0.043
 1090.70957 18.571 0.046
 1092.74169 18.866 0.066
 1094.64837 18.655 0.040
 1102.61855 18.919 0.055
 1106.71340 18.830 0.036
 1110.63253 18.885 0.071
 1116.59101 18.958 0.056
 1120.57960 18.937 0.064
 1126.65493 18.960 0.052
 1129.55337 18.845 0.066
 1132.53646 18.717 0.060
 1135.58651 18.837 0.053
 1138.63619 18.820 0.047
 1140.61360 18.850 0.045
 1144.67118 18.854 0.061
 1151.55076 18.869 0.058
 1155.55238 18.741 0.051
 1159.54781 18.810 0.059
 1162.58021 18.899 0.045
 1164.69378 18.816 0.072
 1170.55222 18.999 0.063
 1178.66226 18.651 0.048
 1182.67416 19.058 0.062
 1183.71251 18.745 0.062
 1185.69567 18.867 0.054
 1188.69498 18.756 0.057
 1191.57873 18.711 0.061
 1202.59383 18.814 0.065
 1205.54525 18.683 0.051
 1211.56574 18.875 0.078
 1217.57635 18.923 0.059
 1220.57885 18.918 0.065
 1229.53156 18.799 0.077
 1238.52784 18.878 0.109
 1327.91202 18.813 0.089
 1330.82872 18.867 0.080
 1335.88048 18.914 0.072
 1340.89998 18.804 0.064
 1348.93607 18.937 0.056
 1354.90962 18.891 0.076
 1360.92935 18.704 0.057
 1365.92557 18.916 0.072
 1367.84907 18.679 0.062
 1374.92115 18.808 0.073
 1394.85735 18.754 0.063
 1395.88880 18.915 0.060
 1397.81050 18.701 0.068
 1401.83753 18.696 0.052
 1402.92245 18.900 0.055
 1407.84552 18.815 0.064
 1412.74084 18.814 0.057
 1417.89917 18.758 0.051
 1430.73179 18.989 0.071
 1432.74247 18.735 0.046
 1435.69892 18.782 0.059
 1439.66537 18.644 0.049
 1442.66906 18.794 0.051
 1447.74426 18.826 0.081
 1451.68045 18.962 0.063
 1455.70018 18.899 0.074
 1458.73762 18.553 0.078
 1460.74092 19.013 0.065
 1462.64655 18.894 0.061
 1470.65281 18.809 0.053
 1472.64001 18.815 0.063
 1475.64574 18.663 0.058
 1477.57480 18.765 0.072
 1481.59256 18.790 0.057
 1484.64148 18.938 0.058
 1487.63660 18.833 0.056
 1490.67536 18.847 0.053
 1492.57501 18.867 0.067
 1495.53180 18.927 0.062
 1499.56045 18.707 0.067
 1502.55854 18.859 0.067
 1505.62512 19.043 0.088
 1508.56050 18.931 0.059
 1509.53676 18.799 0.073
 1512.63864 18.872 0.084
 1515.61333 19.108 0.085
 1517.61683 18.754 0.051
 1520.60400 18.681 0.054
 1524.55170 18.858 0.068
 1526.59183 18.788 0.055
 1531.64341 18.956 0.072
 1543.60089 18.892 0.056
 1546.61571 18.715 0.048
 1551.57748 18.767 0.053
 1555.61101 18.892 0.060
 1562.58958 18.847 0.067
 1569.56873 18.860 0.061
 1575.59456 19.000 0.052
 1580.56955 18.687 0.055
 1583.57223 18.739 0.048
 1587.55201 18.630 0.048
 1597.53748 18.808 0.066
 1603.54556 18.874 0.071
 1608.52128 18.777 0.069
 1701.90305 18.679 0.053
 1703.90619 18.906 0.082
 1705.91169 18.693 0.059
 1716.87212 18.840 0.072
 1717.88247 18.896 0.067
 1729.91816 18.735 0.037
 1732.88793 18.771 0.051
 1740.83897 18.890 0.066
 1742.88676 18.815 0.066
 1744.85588 18.961 0.070
 1745.88014 18.700 0.050
 1749.86057 18.734 0.042
 1750.83249 18.823 0.062
 1751.84432 18.988 0.051
 1752.80565 18.857 0.062
 1753.80672 18.674 0.051
 1754.83339 18.890 0.063
 1755.79875 18.865 0.076
 1756.82823 18.922 0.113
 1757.77742 18.682 0.081
 1758.78191 19.057 0.065
 1759.82628 18.806 0.051
 1761.80732 18.985 0.063
 1762.79371 18.821 0.063
 1763.79671 18.760 0.051
 1764.78922 18.875 0.047
 1765.78368 18.934 0.055
 1766.72472 18.873 0.077
 1768.80383 18.870 0.064
 1769.71321 18.918 0.063
 1770.82516 18.809 0.099
 1771.82928 18.886 0.105
 1772.77166 18.856 0.057
 1773.73897 18.747 0.057
 1776.76177 18.663 0.050
 1784.73842 18.826 0.060
 1788.80393 18.950 0.052
 1803.76425 18.661 0.055
 1806.75839 18.695 0.056
 1808.82800 18.936 0.070
 1811.75643 18.827 0.039
 1814.80325 18.822 0.046
 1817.76891 18.759 0.037
 1822.64634 18.872 0.053
 1826.79745 18.753 0.056
 1829.73969 19.001 0.066
 1833.78631 18.708 0.077
 1846.78773 18.645 0.050
 1850.74449 18.694 0.055
 1854.80054 18.789 0.048
 1858.72440 18.868 0.074
 1862.72330 18.973 0.062
 1867.74773 18.622 0.055
 1871.75426 18.743 0.052
