2450455.679810 14.76900 0.00700
2450456.685830 14.78400 0.00800
2450456.795370 14.77700 0.00700
2450457.587610 14.78900 0.00800
2450457.631520 14.78300 0.00800
2450457.690170 14.79400 0.00800
2450457.748770 14.86800 0.00800
2450457.807410 14.97200 0.00800
2450457.836880 15.01000 0.00800
2450458.663970 14.77000 0.00800
2450458.733070 14.76600 0.00800
2450459.581220 15.01800 0.00800
2450459.627350 14.94600 0.00800
2450459.685930 14.85500 0.00800
2450459.745360 14.79200 0.00800
2450459.789220 14.78200 0.00800
2450459.833020 14.77800 0.00800
2450461.592100 14.77200 0.00800
2450461.635880 14.77000 0.00800
2450461.694540 14.76900 0.00800
2450461.764080 14.77100 0.00800
2450461.822720 14.76900 0.00800
2450462.592650 15.01200 0.00800
2450462.651260 15.05600 0.00800
2450462.697230 15.01300 0.00800
2450465.699320 15.01600 0.00900
2450465.743770 15.05000 0.00800
2450465.828530 14.97900 0.00800
2450466.679790 14.77000 0.00800
2450466.746340 14.77700 0.00800
2450466.831340 14.78500 0.00800
2450467.683460 14.77800 0.00800
2450467.788050 14.77400 0.00800
2450467.854010 14.77700 0.00800
2450468.694370 14.83100 0.00800
2450468.760280 14.94400 0.00800
2450468.818900 15.03000 0.00800
2450468.855510 15.05500 0.00800
2450469.691040 14.77100 0.00800
2450469.769170 14.77500 0.00800
2450469.838150 14.77900 0.00800
2450470.769740 14.78900 0.00900
2450471.676880 14.78200 0.00800
2450471.813630 14.85200 0.01000
2450472.651520 14.76500 0.00800
2450472.695290 14.76000 0.00800
2450472.739110 14.76900 0.00800
2450472.805020 14.77400 0.00800
2450472.834520 14.77400 0.00900
2450473.719050 14.78800 0.00900
2450474.731080 14.78600 0.00800
2450475.565390 14.77800 0.00800
2450475.624150 14.77600 0.00800
2450475.690250 14.77400 0.00900
2450475.742420 14.77200 0.00800
2450476.776420 14.79100 0.00900
2450477.562140 14.77800 0.00800
2450477.613460 14.77900 0.00800
2450477.760900 14.79000 0.00800
2450477.841730 14.79000 0.00800
2450478.568290 14.77900 0.00800
2450478.788670 14.77100 0.00800
2450478.847630 14.77100 0.00800
2450479.567100 14.98500 0.00800
2450479.610950 15.05100 0.00800
2450479.730180 14.96600 0.00800
2450479.848580 14.80900 0.00900
2450480.603150 14.77300 0.00800
2450480.684320 14.77400 0.00800
2450480.777920 14.78100 0.00800
2450480.822020 14.78200 0.00800
2450481.588340 14.78800 0.00800
2450481.736730 14.78800 0.00800
2450481.780730 14.77600 0.00800
2450481.824630 14.77200 0.00800
2450482.737580 15.06800 0.00800
2450482.815480 15.01300 0.00800
2450483.603840 14.77100 0.00800
2450483.648290 14.76900 0.00800
2450483.692200 14.77000 0.00800
2450483.736120 14.77100 0.00800
2450483.780060 14.77200 0.00800
2450483.823980 14.77800 0.01000
2450484.602570 14.78700 0.00800
2450484.711230 14.78800 0.00800
2450484.755570 14.78300 0.00800
2450484.799570 14.78700 0.00800
2450485.606160 14.79400 0.00800
2450485.753090 14.93900 0.00800
2450485.797220 15.01300 0.00800
2450486.602670 14.77000 0.00800
2450486.689030 14.77300 0.00900
2450486.744770 14.77900 0.00800
2450486.789920 14.77700 0.00800
2450487.629710 14.89000 0.00800
2450487.677890 14.82200 0.00800
2450487.725750 14.79200 0.00800
2450487.769840 14.78800 0.00800
2450487.813990 14.78300 0.00800
2450488.615160 14.78800 0.00800
2450488.659080 14.78900 0.00700
2450488.727930 14.79300 0.00800
2450488.771940 14.80800 0.00800
2450488.815990 14.86700 0.00900
2450489.590860 14.78100 0.00800
2450489.679860 14.77600 0.00800
2450489.723810 14.77300 0.00800
2450489.767710 14.78300 0.00800
2450490.584110 15.05000 0.00800
2450490.721300 14.91800 0.00800
2450490.765370 14.85300 0.00800
2450490.809390 14.80800 0.00800
2450491.608660 14.78900 0.00800
2450491.660430 14.79000 0.00800
2450491.704610 14.78900 0.00800
2450491.817970 14.79400 0.00800
2450492.592780 14.78200 0.00800
2450492.667110 14.77000 0.00900
2450493.595830 14.91400 0.00700
2450493.640300 14.97300 0.00800
2450494.590560 14.76700 0.00800
2450494.634490 14.77400 0.00800
2450494.678670 14.78400 0.00800
2450494.723030 14.77600 0.00800
2450494.767980 14.78800 0.00600
2450495.593350 14.78100 0.00800
2450495.666980 14.77900 0.00800
2450495.720450 14.78400 0.00900
2450496.588680 14.78800 0.00800
2450496.633480 14.81700 0.00800
2450496.677560 14.86400 0.00900
2450496.722490 14.95000 0.00900
2450497.691520 14.76900 0.00800
2450498.587780 14.78500 0.00800
2450498.631840 14.78500 0.00800
2450498.745570 14.78300 0.00800
2450498.789520 14.77700 0.00800
2450499.582760 14.78800 0.00800
2450499.628450 14.78100 0.00800
2450499.768750 14.84000 0.00900
2450500.537430 14.77600 0.00800
2450500.581420 14.77400 0.00900
2450500.625440 14.77900 0.00900
2450500.670380 14.77700 0.00900
2450500.721480 14.76800 0.00800
2450500.765960 14.78200 0.00900
2450501.589640 14.81200 0.00800
2450501.708390 14.79100 0.00900
2450507.578090 15.04900 0.00800
2450507.623250 15.06300 0.01100
2450507.695060 14.97000 0.01000
2450509.573910 14.77600 0.00800
2450509.621040 14.77600 0.00800
2450509.673360 14.77800 0.00900
2450510.615540 14.94700 0.00800
2450510.661110 15.01700 0.00900
2450510.708690 15.05900 0.00900
2450511.700990 14.77400 0.00900
2450512.607740 14.78100 0.00900
2450512.655980 14.76900 0.01000
2450512.730320 14.77200 0.00700
2450513.587980 14.78300 0.00900
2450513.633550 14.81500 0.00700
2450513.725250 14.93900 0.00700
2450514.596210 14.76200 0.00700
2450514.665290 14.76700 0.00800
2450514.715640 14.77000 0.00800
2450514.762500 14.76500 0.00700
2450515.590340 14.88600 0.00800
2450515.645120 14.81200 0.00800
2450515.693350 14.77800 0.00800
2450516.596650 14.78100 0.00900
2450516.650850 14.78300 0.00800
2450516.697830 14.77600 0.00800
2450516.744350 14.81800 0.00800
2450517.594650 14.77600 0.00800
2450517.644470 14.76900 0.00800
2450517.694470 14.77100 0.00800
2450517.740630 14.76800 0.00800
2450518.632010 14.99700 0.00800
2450518.677250 14.92000 0.00900
2450518.726330 14.84100 0.00800
2450519.592600 14.77800 0.00800
2450519.639270 14.78400 0.01000
2450519.721670 14.78500 0.00800
2450520.733420 14.77300 0.00800
2450521.588940 14.95900 0.00900
2450521.634040 15.02300 0.01000
2450521.696840 15.05600 0.01000
2450523.598220 14.77900 0.00800
2450523.651170 14.77400 0.00800
2450523.701060 14.77400 0.00900
2450524.590690 14.80400 0.00900
2450524.640610 14.85600 0.01000
2450526.577580 14.79100 0.01000
2450527.702730 14.80900 0.00900
2450530.592900 14.78900 0.01000
2450531.590310 14.77400 0.00900
2450532.579780 14.92300 0.00900
2450533.596990 14.77800 0.01000
2450534.586220 14.77700 0.00900
2450534.630310 14.76900 0.00800
2450534.682080 14.77900 0.00900
2450535.570800 15.07200 0.00800
2450535.631050 15.01900 0.00900
2450536.549940 14.77100 0.00800
2450536.595090 14.77400 0.00800
2450536.645640 14.77400 0.00900
2450537.544530 14.78200 0.00800
2450537.644750 14.77800 0.00800
2450538.532550 14.86600 0.00900
2450538.584280 14.95300 0.00800
2450539.541140 14.77400 0.00800
2450539.652230 14.77300 0.00800
2450540.657960 14.78200 0.00800
2450541.551500 14.79100 0.00800
2450541.608560 14.83000 0.00800
2450542.540620 14.77300 0.00800
2450542.592480 14.76900 0.00800
2450542.639950 14.77500 0.00800
2450543.578880 14.85200 0.00800
2450543.659960 14.78500 0.00800
2450544.531600 14.78600 0.00800
2450544.575900 14.79000 0.00800
2450544.620190 14.79000 0.00800
2450544.665430 14.78900 0.00800
2450551.521360 14.78800 0.00800
2450552.532820 14.79200 0.00800
2450553.538170 14.77000 0.00800
2450554.514870 14.79100 0.00800
2450554.600330 14.78100 0.00900
2450555.521250 14.78300 0.01000
2450557.621790 14.78500 0.00800
2450558.568550 14.77800 0.01000
2450559.552390 14.76500 0.00800
2450560.530410 14.94200 0.00900
2450561.530440 14.77700 0.00800
2450562.531980 14.77000 0.01000
2450564.533200 14.76800 0.00900
2450565.538960 14.77400 0.00800
2450566.532950 14.92000 0.00800
2450567.534030 14.76800 0.00700
2450568.519290 14.78000 0.00900
2450569.529080 14.78200 0.00800
2450571.514920 14.89600 0.00800
2450572.545390 14.78500 0.00800
2450574.507470 15.04600 0.00800
2450575.506060 14.77800 0.00900
2450577.515000 14.95400 0.00800
2450578.528580 14.77100 0.00800
2450582.510730 14.78600 0.00800
2450583.513470 14.77900 0.00800
2450672.898970 14.77200 0.00700
2450689.882970 14.77200 0.00700
2450699.884210 14.78400 0.00700
2450701.849800 15.02400 0.00900
2450704.892350 14.93300 0.00800
2450706.873740 14.77000 0.00900
2450714.849580 14.77200 0.00800
2450716.805770 14.76900 0.00600
2450720.862090 14.78000 0.00800
2450728.800960 14.77500 0.00700
2450729.801000 15.01300 0.00900
2450730.756540 14.76300 0.00800
2450733.847540 14.76600 0.00800
2450741.850810 14.77400 0.00700
2450745.805630 14.77000 0.00800
2450747.854000 14.77000 0.00700
2450753.807850 14.76500 0.00700
2450766.816530 14.77600 0.00800
2450772.835680 14.77400 0.00800
2450775.817400 14.77900 0.00700
2450779.836060 14.79000 0.00700
2450787.812440 14.78300 0.00700
2450789.796460 14.76700 0.00700
2450790.806920 14.78500 0.00700
2450795.764560 14.77200 0.00800
2450796.836460 14.78800 0.00700
2450797.764260 14.77900 0.00700
2450798.736190 14.77400 0.00700
2450805.821070 15.01800 0.00900
2450816.792070 15.00900 0.00700
2450817.711320 14.77200 0.00700
2450819.810990 14.87600 0.00800
2450822.825190 14.78500 0.00700
2450824.854440 14.80800 0.00800
2450826.677920 14.77000 0.00800
2450829.780390 14.77900 0.00900
2450832.704760 14.78100 0.00700
2450836.803550 14.86400 0.00800
2450840.682920 14.77200 0.00800
2450843.683360 14.77800 0.00700
2450850.656960 14.77800 0.00700
2450854.694770 14.76100 0.00700
2450855.661670 15.00100 0.00900
2450856.627990 14.77600 0.00800
2450858.600530 14.94800 0.00800
2450864.750630 14.85100 0.01000
2450875.575870 14.78700 0.00600
2450880.561420 14.93300 0.00800
2450887.574810 14.78500 0.00800
2450892.703020 14.84000 0.00600
2450895.549150 14.78000 0.00800
2450898.556050 14.77800 0.00600
2450918.544280 14.79400 0.01000
2450922.623370 14.87600 0.00700
2450928.549290 14.87300 0.00800
2450933.580980 14.79700 0.00800
2450947.520630 14.83200 0.00900
2450952.514490 14.80300 0.00800
2451045.909140 14.77100 0.00800
2451051.889370 14.78000 0.00800
2451053.904830 14.77100 0.00700
2451054.920510 14.77500 0.00800
2451055.893010 14.81300 0.00800
2451059.905780 14.76300 0.00800
2451061.915520 14.77700 0.00900
2451069.862990 14.92500 0.00700
2451087.835110 14.76100 0.00800
2451091.837660 14.92100 0.00800
2451102.820030 14.89200 0.00700
2451106.875070 14.78300 0.00700
2451107.802840 14.78000 0.00700
2451113.815610 14.78500 0.00700
2451119.820350 14.88000 0.00700
2451128.828570 14.82800 0.00700
2451131.714160 14.78800 0.00800
2451132.766200 14.77400 0.00700
2451136.799480 14.99400 0.00700
2451138.825900 14.78300 0.00700
2451142.690600 14.78000 0.00700
2451144.759520 14.78800 0.00700
2451151.785390 14.77500 0.00700
2451155.784670 14.78400 0.00700
2451158.782170 14.84000 0.00700
2451161.760070 15.03500 0.00700
2451165.780820 14.77700 0.00700
2451169.775700 14.79000 0.00700
2451174.749490 14.76300 0.00700
2451179.766380 14.78200 0.00700
2451181.838450 15.08000 0.00800
2451186.792830 14.79700 0.00700
2451187.854080 14.81900 0.00700
2451192.699960 14.95600 0.00700
2451196.732880 14.77900 0.00800
2451201.741690 14.78500 0.00900
2451203.761520 14.82000 0.00800
2451207.618390 14.76800 0.00800
2451211.656150 14.79400 0.00800
2451214.657050 14.91200 0.00800
2451217.631860 15.04700 0.00800
2451220.636730 14.90200 0.00800
2451223.662960 14.80000 0.00800
2451225.603950 14.77900 0.00700
2451227.684390 14.76700 0.01000
2451231.580330 15.04800 0.00900
2451234.628580 15.05700 0.00800
2451236.636070 14.78800 0.00900
2451240.588510 14.78200 0.00800
2451242.690200 14.82000 0.00900
2451244.639830 14.77400 0.00800
2451247.570400 14.77500 0.00900
2451256.555110 14.85400 0.00900
2451260.580620 14.77700 0.00800
2451265.555570 14.84600 0.00800
2451274.518220 14.78700 0.00900
2451277.537750 14.78400 0.00800
2451281.550950 14.79400 0.00900
2451288.535980 14.78200 0.00900
2451290.603400 15.07300 0.00900
2451296.540740 14.79200 0.00900
2451298.578640 14.86800 0.00900
2451301.520380 15.05600 0.01000
2451305.566200 14.78200 0.00800
2451308.495750 14.76700 0.00800
2451313.542220 14.77900 0.00900
2451316.534070 14.78500 0.00900
2451319.510400 14.77600 0.00800
2451329.488930 15.05100 0.01000
2451332.471820 14.87800 0.00800
2451340.483640 14.80900 0.00900
2451412.868770 14.77400 0.00900
2451418.865990 14.77500 0.00800
2451431.848350 14.82200 0.00800
2451432.854360 14.76600 0.00800
2451435.830390 14.76500 0.00800
2451437.814330 14.78900 0.00800
2451440.861950 14.78300 0.00800
2451446.874000 14.77900 0.00900
2451447.899560 14.78700 0.00900
2451451.892280 14.79600 0.00800
2451455.862630 14.78000 0.01000
2451459.801310 14.80600 0.00800
2451462.805560 14.79400 0.00900
2451470.865950 14.99200 0.00800
2451475.778580 14.78000 0.00800
2451478.733940 14.95300 0.00900
2451481.707550 15.04200 0.00800
2451484.857020 15.06000 0.00800
2451487.736990 14.78500 0.00700
2451490.733800 14.78600 0.00800
2451492.726930 14.81000 0.00800
2451495.725420 14.98400 0.00800
2451499.683180 14.77400 0.00900
2451502.678460 14.77100 0.00800
2451505.719040 14.77000 0.00800
2451507.852460 14.79200 0.00800
2451510.828470 14.77900 0.00700
2451512.725230 14.95500 0.00900
2451514.836330 14.77800 0.00800
2451517.671780 14.78400 0.00800
2451519.745420 14.76800 0.00700
2451521.681150 14.78200 0.00800
2451523.801920 14.80000 0.00900
2451525.796280 14.77200 0.00800
2451527.725210 14.78100 0.00700
2451528.771580 14.77400 0.00700
2451529.792680 15.06100 0.00800
2451531.785790 14.78800 0.00800
2451538.742320 14.78300 0.00800
2451541.698420 14.77900 0.00700
2451542.728290 14.78500 0.00700
2451544.654330 14.76900 0.00700
2451547.781220 14.76400 0.00700
2451548.758840 14.78400 0.00700
2451549.753120 14.78200 0.00700
2451552.617820 14.77200 0.00700
2451554.744320 15.00700 0.00800
2451555.751030 14.78500 0.00700
2451562.753940 14.78200 0.00800
2451564.632540 14.77700 0.00800
2451567.725120 14.77200 0.00800
2451570.630420 14.77700 0.00700
2451574.741870 14.78900 0.00700
2451577.691550 14.77700 0.00800
2451580.727620 14.78500 0.00700
2451583.612980 14.76900 0.00800
2451586.628490 14.76700 0.00700
2451589.617800 14.77600 0.00800
2451592.609530 14.77300 0.00700
2451593.652330 15.01700 0.00800
2451595.655460 14.77700 0.00800
2451599.595150 14.79000 0.00700
2451601.673110 14.77900 0.00900
2451604.554660 14.83500 0.00800
2451606.589510 14.77400 0.00800
2451609.630880 14.77300 0.00800
2451610.616020 15.07300 0.00800
2451613.507060 14.79800 0.00800
2451615.538970 14.80800 0.00700
2451617.610380 14.77000 0.00700
2451619.593990 14.78500 0.00800
2451620.545210 14.77800 0.00800
2451622.495350 14.76900 0.00800
2451624.491890 14.81900 0.00900
2451626.492740 14.77800 0.00800
2451627.613830 14.83800 0.00900
2451629.492880 14.78700 0.00900
2451630.564330 14.77900 0.00800
2451632.510780 14.84300 0.00800
2451634.488530 14.77900 0.00800
2451643.480460 14.83800 0.01000
2451645.530640 14.78100 0.01100
2451646.479430 15.00900 0.00900
2451650.581130 14.77800 0.01100
2451654.517900 14.78400 0.00800
2451656.504080 14.77800 0.00800
2451659.511520 14.77300 0.00800
2451661.535500 14.78200 0.00800
2451663.560780 14.88200 0.00700
2451667.502430 14.77200 0.00800
2451670.524170 14.78300 0.00800
2451673.494600 14.77900 0.00800
2451681.464540 14.76900 0.01000
2451691.503400 14.91700 0.00800
