2450457.646280 18.15700 0.03200
2450457.704920 18.09500 0.02700
2450457.822190 17.64700 0.02400
2450458.678740 18.09900 0.03700
2450459.642060 18.09000 0.03100
2450459.847720 17.63300 0.02600
2450461.650650 17.68200 0.02300
2450461.778840 17.62700 0.02200
2450462.607410 17.76700 0.02300
2450465.850680 17.60700 0.02300
2450466.846150 17.63300 0.02200
2450468.775070 17.62200 0.02000
2450469.783990 17.61200 0.02700
2450470.801880 17.57700 0.03100
2450472.819790 17.62500 0.03100
2450475.580320 17.57300 0.02400
2450477.797890 17.57800 0.02300
2450478.803570 17.61500 0.02100
2450479.803830 17.65400 0.02700
2450480.640300 17.63500 0.02300
2450481.538130 17.60200 0.02300
2450482.830800 18.14500 0.04400
2450483.536270 17.61400 0.02700
2450484.534450 17.62200 0.03300
2450485.539020 17.60600 0.02200
2450486.531190 17.64000 0.02200
2450487.558560 17.66100 0.02500
2450488.570940 17.71900 0.02600
2450489.530990 17.69900 0.02200
2450490.539670 17.84000 0.02300
2450491.541250 18.08300 0.03300
2450492.526400 18.16800 0.04400
2450493.529520 18.34300 0.03500
2450494.524490 18.07400 0.03300
2450494.783970 17.64900 0.02000
2450495.526560 17.94300 0.03300
2450496.521760 17.72100 0.02800
2450496.738120 17.62500 0.03800
2450498.521080 17.64200 0.02700
2450499.783490 17.57600 0.03500
2450500.780960 17.62400 0.04300
2450501.545530 17.63400 0.02800
2450507.531680 17.61400 0.02400
2450508.574330 17.60100 0.03100
2450509.528880 17.61600 0.02400
2450510.559570 17.63800 0.03000
2450510.724790 17.58500 0.03800
2450511.624210 17.66600 0.03300
2450512.558540 17.61900 0.02700
2450513.542660 17.63800 0.03800
2450513.654460 17.62500 0.02000
2450514.522300 17.63500 0.03100
2450514.617760 17.58800 0.01900
2450515.518930 17.62500 0.02400
2450516.522450 17.65200 0.02700
2450517.521980 17.64300 0.03000
2450518.558850 17.63200 0.02200
2450519.511870 17.61200 0.02300
2450519.661420 18.22600 0.03900
2450519.739240 17.83200 0.03400
2450520.678110 18.12600 0.04000
2450521.514040 17.71700 0.03200
2450521.651580 18.00600 0.03800
2450521.715340 17.66900 0.04100
2450523.519370 18.15000 0.04100
2450524.504770 18.20700 0.05100
2450524.544850 18.24500 0.04200
2450526.508160 18.02300 0.04100
2450526.603920 17.63300 0.02700
2450527.502930 17.78300 0.03200
2450528.562760 17.65700 0.03500
2450530.542690 17.60800 0.03000
2450530.640260 17.57500 0.04600
2450531.515720 17.64600 0.03400
2450531.614720 17.57700 0.03500
2450532.504330 17.61200 0.03400
2450533.503370 17.59900 0.03000
2450533.629290 17.59600 0.03800
2450534.512600 17.60600 0.02700
2450535.517040 17.61300 0.02000
2450540.504220 17.63300 0.03100
2450552.615970 18.27700 0.04200
2450554.530400 18.16400 0.03900
2450558.523440 17.70300 0.03800
2450561.486270 17.60600 0.02700
2450562.478350 17.63600 0.02900
2450564.487250 17.64200 0.03500
2450573.478470 17.58700 0.03000
2450673.833070 17.67100 0.02100
2450689.859340 17.61500 0.02200
2450699.805400 17.87400 0.02700
2450701.802650 18.19500 0.04100
2450704.844470 17.64600 0.02200
2450706.790790 17.64300 0.03600
2450707.844120 17.61400 0.03200
2450715.810010 17.59300 0.02300
2450720.790120 17.62000 0.03200
2450722.820570 17.61800 0.02200
2450726.778600 17.60300 0.02200
2450728.818320 17.66600 0.02000
2450729.873170 18.15400 0.03700
2450733.774030 18.21400 0.05100
2450741.868810 17.63100 0.02300
2450744.874290 17.61300 0.02700
2450745.715990 17.65400 0.02100
2450747.782980 17.60400 0.02000
2450748.737100 17.62100 0.02200
2450751.720310 17.60800 0.02500
2450755.680570 17.62400 0.03100
2450759.793690 17.64500 0.02000
2450760.770140 17.62700 0.02200
2450761.855070 18.23900 0.03500
2450765.796710 17.97500 0.03300
2450769.787480 17.66200 0.02700
2450774.794040 17.62000 0.02200
2450778.777380 17.64900 0.02900
2450780.848190 17.62600 0.02200
2450781.782220 17.61100 0.02100
2450788.793270 17.68000 0.02000
2450789.749720 17.61400 0.02300
2450792.789770 17.76000 0.02800
2450795.851450 17.86900 0.02600
2450796.852120 17.72500 0.02900
2450797.849630 17.64000 0.02400
2450798.846690 17.61800 0.02500
2450805.772020 17.60600 0.02700
2450816.714370 17.61600 0.02100
2450817.820610 17.57400 0.02300
2450818.856540 17.62800 0.02100
2450819.850550 17.63500 0.02800
2450822.778730 17.63200 0.02000
2450825.738040 17.84400 0.03400
2450827.648490 17.71800 0.02300
2450828.833060 17.68000 0.02200
2450829.667560 18.18500 0.03700
2450830.798970 17.63100 0.02300
2450831.644180 18.14100 0.03700
2450832.720360 17.64000 0.02100
2450833.653170 17.72400 0.01900
2450834.767500 17.64600 0.03100
2450837.812500 17.60200 0.01700
2450839.599320 17.62400 0.02100
2450841.821290 17.61400 0.02600
2450842.786470 17.60100 0.02500
2450844.654520 17.56200 0.02800
2450850.675540 17.61800 0.02700
2450854.736300 17.61200 0.02900
2450856.727610 17.69600 0.03800
2450858.608900 17.63400 0.02500
2450860.755530 17.90600 0.03600
2450864.694950 17.61900 0.02900
2450875.590630 17.64900 0.02000
2450880.507640 17.57700 0.02300
2450887.587890 17.61300 0.02600
2450892.671850 18.33100 0.04100
2450895.494210 17.89200 0.03000
2450897.492930 18.24800 0.03600
2450918.487780 17.62600 0.03500
2450922.476290 17.60800 0.02100
2450928.494810 18.15300 0.04800
2450931.517270 17.62600 0.03000
2450934.489450 17.62900 0.02900
2450950.491850 17.61600 0.02500
2450952.483530 17.64700 0.02600
2451053.913130 17.59700 0.01900
2451065.909300 17.62200 0.02700
2451068.800690 17.58900 0.02400
2451069.794900 17.61300 0.02000
2451071.793730 17.70600 0.03000
2451077.820240 17.65300 0.02200
2451083.769430 17.61400 0.02200
2451088.838280 17.61300 0.02400
2451092.870820 17.59000 0.02300
2451102.762620 17.61700 0.01700
2451106.819640 17.94600 0.02400
2451112.801170 17.60700 0.02200
2451116.777410 17.60600 0.02100
2451126.677170 17.60400 0.02600
2451129.724320 17.59500 0.02100
2451132.774520 17.63500 0.02400
2451136.807840 18.31600 0.03200
2451142.700080 17.74700 0.02000
2451151.794660 17.62000 0.02000
2451154.802500 17.62300 0.02500
2451157.795790 17.62400 0.02800
2451160.829260 17.63600 0.02200
2451163.770700 17.68400 0.02600
2451166.804660 18.08500 0.04000
2451169.785190 18.00500 0.03100
2451171.833630 17.59500 0.01800
2451174.759980 17.64500 0.01800
2451175.841280 17.64900 0.02100
2451179.835250 17.61100 0.02900
2451183.730050 17.62400 0.02100
2451185.844800 17.63000 0.01900
2451187.800330 17.63700 0.01900
2451189.823320 17.61700 0.02100
2451191.828770 17.66800 0.01900
2451194.736090 17.62100 0.02100
2451196.616590 17.62800 0.02700
2451201.751300 18.00000 0.03400
2451204.736910 17.64300 0.02200
2451207.629730 17.70100 0.02700
2451211.710070 17.63200 0.02800
2451214.603220 17.60200 0.02400
2451217.656600 17.61100 0.02400
2451219.712430 17.62400 0.02500
2451223.580710 17.58000 0.02500
2451226.673420 17.63400 0.02700
2451228.647210 17.58100 0.03000
2451231.588670 17.67500 0.02800
2451234.666170 18.21000 0.03500
2451236.657040 17.74200 0.03600
2451239.686870 17.62700 0.02600
2451241.703450 17.58800 0.02800
2451243.510430 17.63400 0.02800
2451245.595140 17.60200 0.02200
2451247.694580 17.59100 0.02600
2451248.662290 17.60700 0.02500
2451254.513770 17.57500 0.02600
2451259.506140 17.59800 0.02400
2451264.500350 17.61700 0.03000
2451267.519520 17.88600 0.03600
2451273.525700 17.59900 0.03300
2451275.504700 17.63700 0.02500
2451278.537220 17.57000 0.02700
2451288.482020 17.57000 0.02700
2451290.611730 17.64500 0.03100
2451298.523270 17.87600 0.03300
2451301.528550 18.13800 0.04700
2451306.469840 17.65000 0.02900
2451312.462760 17.61600 0.03300
2451316.478130 17.58800 0.01500
2451319.518710 17.60600 0.02500
2451320.458720 17.59700 0.02800
2451330.455770 17.74900 0.03900
2451331.458550 17.80500 0.03700
2451331.505970 18.14600 0.06400
2451332.453970 18.03700 0.03900
2451333.459570 18.15800 0.05300
2451335.455940 17.89600 0.03700
2451336.455330 17.74900 0.04500
2451336.471460 17.74600 0.04000
2451336.479500 17.64200 0.03600
2451338.477200 17.61400 0.04800
2451339.452570 17.61400 0.04200
2451339.462500 17.62200 0.03800
2451340.450690 17.62500 0.04300
2451340.475310 17.60000 0.03300
2451342.455300 17.63900 0.03000
2451343.471230 17.56900 0.02800
2451346.473950 17.59200 0.06900
2451348.457740 17.62800 0.03700
2451349.459240 17.60800 0.04300
2451350.460200 17.64100 0.03300
2451354.938220 17.62700 0.03200
2451360.939710 17.62100 0.03500
2451365.939490 17.62600 0.03600
2451375.929920 17.63400 0.03200
2451395.905200 17.60800 0.03000
2451400.891050 17.64300 0.02800
2451412.901440 18.19600 0.03800
2451415.910760 17.74200 0.03800
2451430.865540 17.62400 0.02500
2451432.862740 17.61400 0.02700
2451433.900070 17.63900 0.02800
2451435.766730 17.66600 0.03000
2451437.760430 17.63500 0.03000
2451440.806920 17.62200 0.02300
2451443.849960 17.95700 0.03600
2451446.882130 17.89400 0.03700
2451448.773190 18.28600 0.04800
2451454.792750 17.59700 0.03900
2451458.808800 17.63600 0.02700
2451459.836260 17.61600 0.02300
2451462.747610 17.59700 0.02500
2451470.787940 17.63100 0.02000
2451475.787600 17.77600 0.02700
2451477.672140 17.61600 0.02700
2451479.713020 18.11900 0.04200
2451484.728720 17.62300 0.02400
2451487.754400 17.60800 0.02000
2451491.682520 17.62400 0.02600
2451493.834440 17.58300 0.02400
2451494.728010 17.61400 0.02800
2451497.783890 17.61800 0.02100
2451499.691680 17.60400 0.02900
2451502.686980 17.64900 0.02500
2451503.836870 17.64800 0.02400
2451505.727370 17.60700 0.02500
2451507.798560 18.06500 0.04100
2451510.774630 18.25700 0.03200
2451512.733640 18.09600 0.03600
2451514.844870 17.59000 0.02500
2451515.699000 17.69800 0.02500
2451517.730670 17.64900 0.01900
2451518.835610 17.62600 0.02200
2451521.689750 17.62200 0.02100
2451523.636760 17.61200 0.03500
2451525.740760 17.63400 0.02100
2451527.733470 17.62400 0.02000
2451528.812600 17.63100 0.02000
2451529.676760 17.62600 0.02400
2451531.794130 17.63900 0.02200
2451538.750390 17.74000 0.02500
2451542.674250 18.01600 0.03300
2451544.716890 17.89700 0.02500
2451547.789240 17.63700 0.02400
2451548.766960 17.61800 0.02000
2451549.785690 17.61300 0.02000
2451552.684810 17.62000 0.02200
2451553.760500 17.63100 0.02200
2451554.775720 17.59300 0.01900
2451555.762730 17.58400 0.02400
2451561.555860 17.63100 0.02600
2451562.762080 17.58300 0.02600
2451564.650970 17.61000 0.02600
2451567.608490 17.63900 0.02600
2451570.575630 17.59700 0.02400
2451573.615920 17.69200 0.02200
2451576.601260 18.18600 0.03400
2451579.664210 17.62900 0.02300
2451581.715900 17.63500 0.02900
2451583.714780 17.62700 0.02700
2451585.649890 17.61500 0.02100
2451588.600050 17.64400 0.02900
2451591.677780 17.60700 0.03900
2451593.596740 17.60900 0.02600
2451595.702140 17.61900 0.02900
2451599.674400 17.65400 0.02200
2451600.687940 17.60300 0.02800
2451604.538590 17.63600 0.02600
2451606.513320 17.61100 0.02900
2451609.613940 18.07400 0.03300
2451610.576800 18.05600 0.03800
2451611.647430 17.61500 0.02600
2451613.553400 17.71600 0.02700
2451615.499650 17.65000 0.02200
2451617.499110 17.66700 0.02800
2451619.521650 17.61300 0.03100
2451621.494210 17.61700 0.03200
2451623.492640 17.54800 0.02800
2451625.494620 17.62100 0.02600
2451627.494760 17.62900 0.02800
2451629.539680 17.61400 0.02600
2451630.548510 17.59100 0.02800
2451632.495030 17.60300 0.02400
2451634.535120 17.59300 0.02400
2451635.606620 17.65400 0.02900
2451643.526600 17.94100 0.03100
2451645.483740 17.85000 0.03800
2451650.541940 17.63200 0.04000
2451653.539370 17.61900 0.03200
2451655.513080 17.60600 0.02700
2451657.504450 17.55900 0.03000
2451662.480540 17.60400 0.02500
2451664.495350 17.59600 0.02600
2451667.549100 17.59400 0.02900
2451671.478480 17.71400 0.03300
2451676.483200 17.81900 0.03500
2451690.487180 17.61100 0.03300
