2450726.839000 17.89400 0.02500
2450729.734410 18.06200 0.03300
2450741.787000 18.28100 0.04200
2450744.781750 17.90600 0.03100
2450745.866350 17.85000 0.03600
2450746.802510 17.90900 0.03200
2450747.746660 18.33300 0.03800
2450748.704220 17.96100 0.03400
2450749.838310 18.21300 0.03800
2450750.814990 17.92000 0.03100
2450751.812720 17.90700 0.03600
2450753.820270 18.00000 0.03400
2450754.763200 18.34100 0.05100
2450759.672420 18.28500 0.03800
2450761.807330 18.38200 0.04900
2450761.822440 18.38300 0.04100
2450769.795730 17.90600 0.03100
2450776.783790 17.87700 0.02900
2450778.812920 17.93000 0.03800
2450780.792640 18.34100 0.03900
2450782.772190 17.87300 0.02900
2450789.804550 17.89900 0.03200
2450792.711050 18.22600 0.04400
2450795.796470 17.87400 0.02600
2450796.750600 17.90100 0.03200
2450798.815270 18.01300 0.03400
2450817.719390 18.34700 0.03800
2450824.737710 18.43600 0.04800
2450826.702380 17.84100 0.02800
2450827.702780 17.90900 0.02900
2450828.692710 17.92800 0.02800
2450830.768180 18.13300 0.03900
2450831.558920 17.84000 0.03200
2450832.541690 17.91600 0.03700
2450833.561070 17.93800 0.02900
2450834.667090 17.94300 0.03000
2450834.799300 17.92900 0.04200
2450835.658120 18.09200 0.02900
2450837.678240 18.03900 0.02400
2450838.726360 17.93800 0.03900
2450839.676710 17.90700 0.03000
2450841.719700 17.88000 0.02700
2450842.755850 17.93700 0.03400
2450843.793020 18.08300 0.02900
2450844.535590 17.89800 0.03300
2450846.782830 17.90200 0.02700
2450855.670750 18.47400 0.08600
2450856.743740 18.33700 0.05300
2450857.741470 18.01400 0.04200
2450858.728040 17.87600 0.03100
2450859.771250 17.80300 0.03100
2450860.617340 18.07500 0.03400
2450866.598580 18.12100 0.04000
2450874.581970 18.13600 0.03300
2450876.616790 17.84300 0.02600
2450876.718950 17.95200 0.02800
2450878.624060 17.90200 0.02900
2450880.640520 18.32900 0.04200
2450885.552220 18.19800 0.07200
2450887.685070 18.38100 0.05000
2450890.708570 17.80800 0.04000
2450891.540170 18.03200 0.03400
2450892.508300 18.23200 0.04100
2450893.674400 18.17900 0.04900
2450896.524050 17.92000 0.03100
2450900.577750 17.98000 0.03300
2450909.597150 17.84400 0.05400
2450919.578810 18.03400 0.04400
2450925.586720 18.21700 0.05200
2450931.589510 18.34200 0.07900
2450934.538280 17.88600 0.04100
2450937.555230 18.31900 0.06100
2450950.531970 18.23100 0.04200
2450952.522750 17.91000 0.03100
2450953.503390 17.90500 0.03900
2450963.485700 17.90400 0.05500
2451074.835770 18.19600 0.04700
2451076.817490 17.90500 0.03400
2451080.776040 18.32100 0.03900
2451083.839260 17.91600 0.03300
2451084.835290 17.87800 0.02600
2451086.860110 17.92100 0.02900
2451090.740610 17.91700 0.04000
2451092.757550 18.17900 0.04500
2451093.799500 18.31300 0.04200
2451106.783580 18.37300 0.03400
2451108.802210 17.92700 0.02700
2451114.810550 17.94300 0.02400
2451120.758270 17.91100 0.03800
2451126.779280 17.98100 0.03900
2451129.841460 17.82200 0.02600
2451132.837110 18.41400 0.04000
2451135.786540 17.86100 0.02500
2451140.835630 17.87400 0.02500
2451142.787220 17.86700 0.02400
2451152.744980 17.91700 0.03800
2451154.770100 17.84600 0.02700
2451156.735030 18.29000 0.04000
2451158.803630 18.13900 0.03800
2451160.801030 17.89200 0.02800
2451164.783020 18.16200 0.03000
2451165.828730 17.96400 0.03400
2451167.751930 17.83200 0.02900
2451168.711280 18.00300 0.03600
2451171.753040 17.91800 0.02200
2451175.752260 18.06500 0.03300
2451179.802530 17.89100 0.03600
2451184.709890 17.86400 0.02500
2451187.701390 17.97400 0.03200
2451188.715200 18.33900 0.03400
2451189.764250 18.36700 0.03500
2451191.778460 17.87400 0.02400
2451192.786870 17.88100 0.02400
2451193.826340 17.89400 0.02800
2451194.701930 18.23100 0.04000
2451201.790320 18.04000 0.03300
2451202.799460 18.42600 0.04500
2451204.705890 17.88000 0.03100
2451206.806000 17.88600 0.02700
2451207.716740 18.31700 0.05300
2451208.779800 18.36300 0.04800
2451212.777420 17.88400 0.04400
2451214.688420 18.16800 0.04100
2451215.593180 17.85900 0.02500
2451216.702120 17.89100 0.02900
2451217.751440 17.88500 0.03200
2451218.726450 17.90400 0.03600
2451219.665750 18.21500 0.04000
2451220.773080 18.18800 0.04200
2451221.639150 17.92400 0.03300
2451223.728160 17.84100 0.03000
2451226.618210 18.21300 0.03900
2451227.623040 17.94200 0.02900
2451230.689900 17.86400 0.03100
2451232.729030 17.99400 0.03700
2451235.623500 17.89400 0.03200
2451238.595090 18.36600 0.05500
2451240.718890 18.17100 0.04600
2451242.588420 17.90300 0.03600
2451243.686140 17.88300 0.03500
2451245.662970 18.45600 0.05500
2451248.541240 17.91600 0.03600
2451251.539160 18.06500 0.05000
2451255.548380 17.95900 0.03900
2451256.589660 17.98600 0.03300
2451258.624970 18.30200 0.03600
2451259.632590 17.95200 0.02800
2451261.586680 17.89100 0.02700
2451266.519270 17.88300 0.03900
2451267.573880 17.91900 0.04400
2451268.587230 17.95100 0.04000
2451274.590430 17.91500 0.04100
2451277.575260 18.03900 0.03600
2451279.560570 17.88500 0.03300
2451281.582780 17.96800 0.03900
2451289.472430 17.97700 0.05200
2451290.541880 17.96100 0.04200
2451298.471400 17.90700 0.04400
2451301.545670 18.34900 0.05900
2451305.574340 17.91300 0.03700
2451312.551030 17.89500 0.04600
2451317.484070 17.89900 0.02800
2451319.535480 17.99300 0.04300
2451327.476040 18.17800 0.10700
2451329.463170 17.90600 0.04600
2451330.527750 17.92800 0.04900
2451335.480570 17.90400 0.03600
2451431.879450 17.89000 0.02800
2451433.876420 18.34700 0.05700
2451436.793980 17.88400 0.03000
2451439.885210 18.13100 0.03000
2451443.825380 17.87300 0.04600
2451447.837660 17.94200 0.04500
2451449.879460 17.87000 0.04300
2451454.844010 17.90600 0.04300
2451459.811000 17.93300 0.03300
2451461.849040 17.85800 0.03300
2451462.839400 17.90400 0.03600
2451471.835460 18.40700 0.04100
2451476.728090 18.38600 0.04800
2451478.805750 18.05700 0.03300
2451481.844200 17.86500 0.03500
2451484.793940 18.16500 0.03400
2451488.826240 17.92000 0.02900
2451491.804940 18.00100 0.03500
2451494.810330 17.88700 0.03700
2451496.692990 18.00800 0.04300
2451498.714730 17.88500 0.02900
2451502.710790 18.29800 0.04700
2451505.745560 17.91300 0.05100
2451507.746540 17.91700 0.03400
2451508.648740 18.11200 0.03400
2451509.812990 18.33400 0.04100
2451510.836700 18.20900 0.03700
2451511.668220 17.81900 0.03000
2451514.716360 18.21800 0.04200
2451516.685770 17.91000 0.02900
2451518.657780 17.89700 0.03000
2451520.683380 18.21700 0.04100
2451522.763580 18.16300 0.03500
2451523.656600 17.93400 0.06100
2451524.823540 17.90200 0.03000
2451526.661190 18.22100 0.03700
2451527.827450 17.89200 0.02900
2451529.730660 17.94300 0.02900
2451531.833380 17.93600 0.02900
2451538.789550 17.86600 0.03100
2451542.814190 18.06300 0.03600
2451543.846900 17.92800 0.03200
2451544.756030 17.87700 0.02700
2451548.788880 18.06900 0.03500
2451549.801470 17.91300 0.02800
2451552.724800 18.05500 0.02800
2451553.799760 18.15200 0.03600
2451554.815010 18.43800 0.03600
2451555.808980 18.00100 0.03100
2451562.800970 17.95600 0.03400
2451566.650400 17.99800 0.04000
2451568.672030 17.90000 0.03200
2451571.736750 17.95500 0.03300
2451574.788770 17.97500 0.02700
2451576.642600 17.87600 0.03300
2451578.742950 18.16300 0.04400
2451581.692260 17.87100 0.03300
2451583.731560 17.88600 0.03700
2451585.677640 18.16100 0.03800
2451588.652390 17.83000 0.03500
2451591.616100 18.04800 0.06000
2451595.631870 17.92900 0.03700
2451596.745110 17.94600 0.04000
2451599.737040 17.97300 0.03700
2451600.714610 17.88300 0.04100
2451601.742890 17.89300 0.03600
2451602.724400 17.94000 0.03300
2451605.515720 17.88800 0.03300
2451606.691060 17.87800 0.03500
2451609.704490 18.01300 0.03300
2451610.722080 18.27300 0.05900
2451611.699410 18.04100 0.03600
2451613.690060 17.87500 0.04300
2451614.685600 17.86900 0.03500
2451615.700050 17.94500 0.03700
2451617.681290 18.10500 0.03400
2451618.679690 17.98400 0.04300
2451620.497450 18.12100 0.04600
2451621.676580 17.94000 0.04800
2451623.662440 18.21700 0.04800
2451625.666890 17.91100 0.03500
2451626.667890 17.89900 0.03000
2451628.656190 18.07900 0.03700
2451630.675430 18.04600 0.03200
2451633.638740 17.92200 0.02800
2451634.632160 18.05100 0.03500
2451635.645850 18.40300 0.05100
2451643.618880 17.99000 0.06800
2451644.595960 17.85200 0.02800
2451650.589530 17.88100 0.06500
2451653.555540 18.35100 0.05400
2451655.591300 17.93900 0.04000
2451657.580460 17.88500 0.04700
2451659.584100 18.07500 0.04400
2451662.573580 17.92200 0.03600
2451665.555580 17.99300 0.04800
2451671.533410 17.99100 0.04500
2451684.475290 18.17700 0.06400
2451695.501120 17.91400 0.03800
