  621.86978 18.802 0.097
  627.91898 18.883 0.057
  628.92830 18.869 0.055
  629.87213 18.848 0.077
  632.92863 18.813 0.059
  633.93309 18.853 0.051
  635.92821 18.936 0.061
  643.89698 18.912 0.042
  645.90048 18.792 0.055
  649.86979 18.697 0.061
  656.91557 18.812 0.043
  657.85678 18.808 0.065
  664.81978 18.852 0.048
  664.90831 18.800 0.054
  665.89530 18.836 0.054
  666.90583 18.962 0.047
  667.91667 18.896 0.052
  668.88722 18.720 0.036
  670.85286 18.925 0.051
  671.87543 18.864 0.036
  672.92896 18.738 0.034
  673.73120 18.886 0.046
  684.80798 18.925 0.054
  685.74652 18.902 0.043
  686.78893 18.818 0.046
  688.89377 18.702 0.040
  689.78379 18.942 0.048
  697.74977 18.894 0.044
  698.89582 18.956 0.068
  699.75228 18.765 0.039
  700.76091 18.927 0.054
  701.73335 18.904 0.053
  704.70565 18.913 0.065
  706.72937 18.763 0.060
  707.76539 18.851 0.067
  708.73288 18.889 0.081
  712.73327 18.958 0.045
  713.77096 18.935 0.045
  714.78638 18.826 0.043
  716.72000 18.999 0.050
  720.69556 18.925 0.060
  722.66083 18.820 0.050
  726.75295 18.770 0.037
  728.65174 18.790 0.043
  729.71865 18.741 0.045
  730.64278 19.030 0.065
  733.70478 18.875 0.073
  739.76974 18.843 0.058
  742.78672 18.661 0.054
  744.73856 18.930 0.058
  745.68985 18.644 0.039
  747.62876 18.859 0.055
  748.59029 18.731 0.046
  749.59798 18.896 0.080
  750.59257 18.871 0.054
  752.80226 19.117 0.083
  753.74282 18.810 0.050
  754.70942 18.891 0.057
  755.59849 18.798 0.063
  759.60449 18.825 0.047
  760.61089 18.917 0.049
  761.60787 19.031 0.056
  762.59844 19.020 0.085
  762.73300 18.856 0.065
  763.61743 18.868 0.060
  763.69803 19.005 0.064
  763.78669 18.795 0.093
  764.70465 18.834 0.078
  765.64877 18.817 0.071
  766.54496 19.007 0.119
  766.68559 18.867 0.077
  767.59403 18.687 0.073
  767.65277 18.836 0.075
  767.74741 18.983 0.089
  769.57701 18.908 0.055
  770.56475 18.820 0.059
  771.57932 18.704 0.056
  772.57804 18.751 0.054
  772.75925 18.809 0.056
  773.63988 18.869 0.054
  775.62222 18.807 0.043
  776.61149 18.736 0.046
  776.76407 18.878 0.057
  777.55614 19.091 0.084
  778.59396 18.887 0.068
  778.68489 19.061 0.105
  779.57430 18.700 0.061
  779.72908 18.909 0.055
  780.57831 18.888 0.070
  780.74727 18.814 0.051
  781.62897 18.977 0.053
  782.56357 18.914 0.064
  782.66318 19.014 0.079
  783.60933 18.825 0.038
  784.65481 18.784 0.041
  785.55120 18.976 0.053
  786.55742 18.861 0.043
  787.63911 18.785 0.056
  788.56735 18.976 0.051
  790.60690 18.900 0.054
  795.59481 18.702 0.050
  796.58202 18.769 0.081
  796.70941 18.672 0.069
  797.56289 19.003 0.056
  798.63233 18.868 0.047
  800.56747 18.933 0.050
  802.65911 19.077 0.094
  806.56521 18.830 0.056
  808.58345 18.990 0.076
  816.65973 18.705 0.041
  817.65502 18.892 0.051
  819.63413 18.760 0.047
  822.62052 18.875 0.054
  824.64051 18.798 0.072
  825.62824 19.018 0.076
  828.67356 18.715 0.068
  829.64021 18.962 0.068
  830.55770 18.835 0.109
  832.64701 18.806 0.057
  834.54927 18.814 0.066
  836.61471 18.977 0.074
  838.63354 18.726 0.054
  840.62647 18.956 0.075
  842.63788 18.734 0.057
  843.62872 18.773 0.048
  845.61958 18.954 0.044
  850.60156 18.772 0.057
  855.60631 18.673 0.069
  856.57108 18.968 0.094
  858.53901 18.711 0.061
  860.54075 18.899 0.074
  867.53691 18.892 0.087
  874.53566 18.780 0.061
  963.91910 18.910 0.062
  986.90549 18.914 0.061
  987.91773 18.836 0.053
  996.90435 18.627 0.040
  998.83671 18.773 0.057
 1003.83873 18.601 0.066
 1005.86301 18.889 0.066
 1008.89596 18.910 0.075
 1020.85923 18.833 0.060
 1025.84486 18.838 0.059
 1035.81259 18.957 0.052
 1037.83971 18.861 0.056
 1038.85785 18.745 0.058
 1041.84603 18.879 0.046
 1045.81040 18.745 0.040
 1049.83931 18.881 0.053
 1053.73059 18.732 0.038
 1058.79868 18.828 0.063
 1059.84429 18.922 0.069
 1061.83073 18.910 0.063
 1064.78722 18.879 0.057
 1069.70062 18.748 0.045
 1074.68179 18.907 0.060
 1077.67625 18.858 0.044
 1079.67832 18.862 0.063
 1081.72551 18.940 0.048
 1084.66447 18.879 0.047
 1087.68393 18.880 0.042
 1090.65190 18.819 0.060
 1092.71596 18.612 0.051
 1095.74222 18.843 0.057
 1102.68104 18.951 0.043
 1107.64927 18.838 0.043
 1112.69242 18.678 0.050
 1117.63093 18.873 0.051
 1122.64532 18.793 0.055
 1128.59539 18.865 0.061
 1132.62129 19.087 0.073
 1138.66642 18.734 0.043
 1140.67478 18.869 0.053
 1144.70141 18.910 0.061
 1151.61268 18.971 0.059
 1154.56983 18.916 0.063
 1157.57953 18.973 0.065
 1160.60435 19.026 0.077
 1163.68276 18.709 0.059
 1164.72833 19.021 0.063
 1170.58326 18.908 0.055
 1178.70584 18.776 0.066
 1182.70428 18.707 0.050
 1185.64699 18.846 0.049
 1187.68352 18.817 0.060
 1190.55289 18.895 0.057
 1202.62854 18.693 0.055
 1208.59907 18.851 0.081
 1211.60148 19.001 0.077
 1216.58945 18.865 0.059
 1219.59383 19.069 0.086
 1235.53888 18.702 0.073
 1329.83119 18.801 0.081
 1335.91152 18.836 0.061
 1349.93860 19.023 0.076
 1355.93150 18.898 0.077
 1366.88769 18.720 0.052
 1367.90970 18.750 0.072
 1369.90261 18.838 0.062
 1374.89647 18.793 0.067
 1395.86276 18.997 0.059
 1397.88558 18.752 0.056
 1401.89992 18.816 0.048
 1402.89766 18.852 0.048
 1407.90805 19.018 0.062
 1412.80669 18.777 0.060
 1418.78066 18.911 0.052
 1430.83109 18.911 0.067
 1432.80319 18.745 0.038
 1435.72888 18.836 0.067
 1439.82665 18.765 0.039
 1442.79105 18.865 0.047
 1447.72000 18.802 0.070
 1451.71064 18.869 0.048
 1454.70896 18.813 0.069
 1458.71341 18.788 0.104
 1460.65307 19.011 0.064
 1462.67696 18.684 0.049
 1470.62825 18.767 0.054
 1475.67600 18.880 0.058
 1478.60224 18.974 0.070
 1481.61538 18.740 0.057
 1484.61702 18.858 0.062
 1487.57615 18.895 0.069
 1489.59954 18.637 0.039
 1491.66170 18.959 0.068
 1494.70964 18.822 0.060
 1495.56280 18.828 0.049
 1499.53495 18.849 0.078
 1502.61983 19.107 0.093
 1506.61486 18.955 0.072
 1509.59843 18.685 0.045
 1514.67471 18.854 0.065
 1517.59144 18.857 0.057
 1520.63426 18.885 0.061
 1522.66296 18.962 0.080
 1525.55859 18.993 0.079
 1528.65656 18.861 0.053
 1544.58933 18.807 0.049
 1546.64578 18.972 0.062
 1551.60779 18.892 0.064
 1555.58594 18.736 0.062
 1562.62012 18.863 0.084
 1568.59364 18.915 0.070
 1573.58860 18.932 0.080
 1579.57219 18.763 0.060
 1581.59945 18.921 0.061
 1584.58428 18.764 0.060
 1586.59539 18.927 0.056
 1588.56891 18.743 0.091
 1590.56606 19.029 0.081
 1597.56747 18.979 0.060
 1602.56466 18.729 0.069
 1607.55487 18.701 0.058
 1706.92492 18.974 0.074
 1730.94397 18.886 0.060
 1738.89218 18.846 0.052
 1740.89986 18.761 0.074
 1744.91675 18.784 0.062
 1745.90994 18.885 0.058
 1749.89051 18.959 0.044
 1750.89382 18.947 0.056
 1751.87435 18.873 0.048
 1752.86671 18.856 0.058
 1753.86751 18.754 0.052
 1754.86343 19.032 0.091
 1755.85972 18.762 0.081
 1756.88941 18.622 0.088
 1757.83847 18.935 0.069
 1758.84302 18.969 0.060
 1759.85614 18.784 0.048
 1761.87229 18.991 0.072
 1762.85472 18.982 0.063
 1763.86021 18.751 0.041
 1764.84994 18.742 0.039
 1765.84633 19.158 0.083
 1766.82007 18.932 0.072
 1768.83388 18.897 0.072
 1769.74901 18.880 0.062
 1773.80998 18.971 0.053
 1775.82153 18.811 0.045
 1777.75886 18.892 0.072
 1785.79857 18.880 0.040
 1788.83372 18.839 0.056
 1789.76637 18.872 0.036
 1803.87001 18.696 0.053
 1809.79374 18.852 0.038
 1812.76762 18.958 0.046
 1815.82404 18.881 0.052
 1821.72066 18.813 0.050
 1823.78993 18.968 0.055
 1829.71500 18.720 0.048
 1864.72636 18.763 0.063
 1865.73240 18.871 0.052
 1873.70491 18.703 0.045
