2450455.697390 17.36600 0.01700
2450456.678520 17.84500 0.03000
2450456.788060 18.71300 0.04400
2450457.639000 17.37100 0.01900
2450457.697620 17.35100 0.01700
2450457.814900 17.36800 0.02200
2450458.671420 17.48800 0.02300
2450459.634770 17.37500 0.01800
2450459.840420 17.46500 0.02200
2450461.643340 17.41900 0.01900
2450461.771560 17.55600 0.02100
2450462.600110 17.35600 0.01900
2450465.751280 17.37100 0.02000
2450466.838860 18.19700 0.03100
2450468.767800 17.50000 0.01900
2450469.776720 17.45000 0.02800
2450470.794600 17.45200 0.02900
2450472.812530 17.36900 0.02400
2450473.728220 18.45200 0.06500
2450475.573060 17.44200 0.02400
2450477.790630 17.36600 0.02000
2450478.796340 17.59300 0.02300
2450479.796590 17.41100 0.02200
2450480.633060 17.51800 0.02100
2450481.530900 17.39000 0.02300
2450482.823580 17.37400 0.02100
2450483.529030 17.49800 0.02500
2450484.527210 17.37000 0.02700
2450485.531790 17.60100 0.02500
2450486.523950 17.40900 0.02200
2450487.551350 17.42200 0.02200
2450488.563730 17.39700 0.02000
2450489.523800 17.34500 0.01900
2450490.532470 18.82800 0.04800
2450491.534020 17.37000 0.02100
2450492.519180 17.38900 0.02600
2450493.522320 17.47200 0.02000
2450494.517290 17.40700 0.02400
2450494.776770 17.37900 0.01700
2450495.519370 17.58800 0.02800
2450496.514540 17.38300 0.02700
2450496.730940 17.39800 0.03000
2450498.513870 17.38000 0.02600
2450499.776300 17.38900 0.02500
2450500.773790 17.69400 0.03600
2450501.538330 17.34800 0.02400
2450507.524520 17.68400 0.02600
2450508.567140 17.40400 0.02500
2450509.521700 17.39200 0.02300
2450510.552390 17.75700 0.03100
2450510.717630 18.88600 0.07800
2450511.617030 17.38200 0.02500
2450512.551360 17.52800 0.02800
2450513.535490 17.40200 0.02600
2450513.647290 17.42900 0.01800
2450514.515120 17.47300 0.02900
2450514.610600 17.40600 0.01700
2450515.511780 17.38500 0.01900
2450516.515280 17.35400 0.02500
2450517.514830 18.53200 0.05400
2450518.551680 17.36300 0.01900
2450519.504730 17.40800 0.02000
2450519.654240 17.36200 0.02100
2450519.732070 17.38200 0.02400
2450520.670980 17.82800 0.03200
2450521.506900 17.40600 0.02600
2450521.644430 17.39700 0.02700
2450521.708210 17.38700 0.03000
2450523.512150 17.39300 0.02700
2450524.497640 17.48300 0.03200
2450524.537690 17.43700 0.02400
2450525.560850 17.39900 0.02300
2450526.501010 17.35900 0.02600
2450526.596740 17.35000 0.02300
2450527.495810 18.49000 0.04900
2450528.555610 17.32800 0.02900
2450530.535540 17.46500 0.02800
2450530.633150 17.40900 0.03700
2450531.508590 17.40200 0.03100
2450531.607600 17.44000 0.03900
2450532.497210 17.53700 0.03300
2450533.496230 17.37500 0.02800
2450533.622120 17.37100 0.02800
2450534.505490 17.64000 0.03200
2450535.509870 17.37900 0.01700
2450536.658910 17.34800 0.02500
2450540.497090 17.40600 0.02400
2450552.608850 17.43100 0.02600
2450554.523210 18.86400 0.06200
2450558.516260 17.40700 0.03300
2450560.538620 17.39100 0.02800
2450561.479140 17.47900 0.02300
2450562.471170 17.39200 0.02500
2450564.480110 17.93400 0.04600
2450573.470990 17.39200 0.02800
2450673.825320 17.40800 0.01800
2450689.851550 17.39500 0.02200
2450699.797620 17.48000 0.02500
2450701.794860 17.34300 0.02400
2450704.836660 17.39300 0.02100
2450706.782970 17.40100 0.02900
2450707.836320 17.56200 0.03100
2450715.802210 17.47000 0.02200
2450720.782280 17.31200 0.02100
2450722.812740 18.20600 0.03100
2450726.770760 17.44900 0.02000
2450728.810530 17.35200 0.01900
2450729.865340 17.55500 0.02200
2450733.766210 17.39100 0.02800
2450741.861010 17.38900 0.02000
2450744.866470 17.61900 0.02500
2450745.708140 17.38400 0.02000
2450747.775150 17.38400 0.01800
2450748.729290 17.35400 0.01800
2450751.712470 17.46300 0.02200
2450755.672760 17.39000 0.02800
2450759.785860 17.74800 0.02100
2450760.762350 17.34700 0.01900
2450761.847320 17.40900 0.02000
2450765.788910 17.35900 0.02000
2450769.779710 17.47700 0.02300
2450774.786260 17.38700 0.02000
2450778.769620 17.39000 0.02500
2450780.840400 17.37700 0.01800
2450781.774480 17.63900 0.02200
2450788.785550 17.43600 0.01600
2450789.741970 17.41000 0.01900
2450792.782020 17.40100 0.02300
2450795.843730 17.35300 0.01800
2450796.844410 17.77000 0.02900
2450797.841900 17.36500 0.02000
2450798.838960 17.47900 0.02200
2450805.764320 17.37800 0.02300
2450816.706690 17.44600 0.01900
2450817.812930 17.41500 0.02100
2450818.848860 17.65600 0.02200
2450819.842890 17.37100 0.02300
2450822.771080 17.37400 0.01700
2450825.730330 17.54500 0.02300
2450827.640860 17.45500 0.02000
2450828.825420 17.44500 0.02100
2450829.659920 17.36100 0.02600
2450830.791300 18.11000 0.03500
2450831.636540 17.34700 0.02100
2450832.712700 17.42300 0.02000
2450833.537800 17.46100 0.02200
2450834.759890 17.42500 0.02800
2450837.804860 17.44900 0.01600
2450839.591720 17.38300 0.01800
2450841.813710 17.36800 0.01900
2450842.778880 17.40200 0.02000
2450844.646940 17.46400 0.02100
2450850.667980 17.57200 0.02300
2450854.728740 17.42900 0.02500
2450856.735340 17.37600 0.02400
2450858.616650 17.38000 0.02400
2450860.763300 17.48700 0.02900
2450864.702750 17.47000 0.02300
2450875.598400 17.37900 0.01800
2450880.515420 17.37500 0.01900
2450887.606280 17.46100 0.02300
2450892.679640 17.45400 0.02100
2450895.502010 17.38500 0.02400
2450897.500770 17.38700 0.02000
2450918.495610 17.50100 0.02700
2450922.484100 17.37300 0.01900
2450928.502650 17.85700 0.03400
2450931.525090 17.62300 0.02700
2450934.497260 17.38500 0.02700
2450947.529760 17.37100 0.03500
2450950.499670 17.41500 0.02100
2450952.491330 17.40900 0.02100
2451053.920670 17.34600 0.02300
2451068.811460 17.36900 0.02500
2451069.802380 18.84200 0.05500
2451071.801190 17.41300 0.03000
2451077.827750 17.39400 0.02000
2451083.776930 17.46200 0.02200
2451088.845750 17.39100 0.02000
2451092.878300 17.42100 0.02200
2451102.770100 17.36300 0.01500
2451106.827130 18.69900 0.04000
2451112.808640 17.36900 0.01800
2451116.784880 17.67400 0.01900
2451126.684680 17.46300 0.02200
2451128.837470 17.55800 0.02300
2451131.848080 17.40300 0.02300
2451132.781990 17.33900 0.02000
2451136.815340 17.44700 0.01900
2451142.707590 17.38300 0.01500
2451151.802180 17.34900 0.01800
2451154.810060 17.36900 0.01900
2451157.803340 17.44400 0.02400
2451160.836830 18.23800 0.03400
2451163.778270 17.50300 0.02200
2451166.812230 17.38400 0.02200
2451169.792770 17.32000 0.01900
2451171.841230 17.28800 0.01600
2451174.767560 17.40400 0.01500
2451175.848860 17.65200 0.03300
2451179.842870 17.37000 0.02400
2451183.737670 17.40700 0.01900
2451185.852430 17.46300 0.01700
2451187.807980 18.06900 0.02500
2451189.831000 17.39100 0.01800
2451191.836400 17.36900 0.01600
2451194.743760 17.46200 0.02100
2451196.624280 17.36900 0.02200
2451201.758950 17.41200 0.02000
2451204.744590 17.61300 0.02200
2451207.637410 17.50200 0.02400
2451211.717810 17.40800 0.02300
2451214.610930 18.89500 0.06200
2451217.664340 17.46200 0.02200
2451219.720150 17.65800 0.02600
2451223.588470 17.37600 0.02000
2451226.681170 17.41000 0.02200
2451228.654970 17.42000 0.02600
2451231.596420 18.00300 0.03300
2451234.673950 17.68500 0.02700
2451239.694650 17.44300 0.02500
2451241.711260 17.99800 0.03700
2451243.518240 17.38600 0.02300
2451245.602950 17.37200 0.02000
2451247.702370 17.38900 0.02500
2451248.670070 17.48600 0.02900
2451254.521550 17.41400 0.02300
2451259.513950 17.33600 0.02200
2451264.508160 17.34300 0.02300
2451267.527320 17.35600 0.02600
2451273.533500 17.63900 0.02900
2451275.512490 17.51500 0.02300
2451278.545050 18.21800 0.04300
2451288.489830 17.50200 0.02600
2451290.619550 17.48400 0.02800
2451298.531090 17.46100 0.02500
2451301.536370 17.37300 0.02500
2451306.477640 17.37100 0.02100
2451312.470550 17.77600 0.03300
2451316.485900 17.38400 0.01300
2451319.526510 17.40500 0.02400
2451327.457190 17.70000 0.07000
2451330.463520 17.40800 0.03000
2451331.466300 17.26000 0.02300
2451332.461730 18.51100 0.06000
2451333.467310 17.34600 0.02900
2451335.463710 17.42700 0.02500
2451338.493250 17.38900 0.03500
2451342.463000 17.73300 0.03100
2451395.912780 17.41200 0.02300
2451400.898630 17.35200 0.02300
2451412.908950 17.48300 0.02900
2451415.918300 17.36800 0.03000
2451430.873040 17.39400 0.02000
2451432.870270 17.40100 0.02400
2451435.774220 17.37700 0.02900
2451437.767920 17.36200 0.02200
2451440.814410 17.44400 0.02100
2451443.857440 17.65200 0.03000
2451446.889600 17.82600 0.03600
2451448.780660 17.65300 0.03000
2451454.826430 17.36700 0.02700
2451458.816290 17.70600 0.02800
2451459.843730 17.41000 0.02100
2451462.755070 17.39500 0.02300
2451470.795410 17.67900 0.02100
2451475.795090 17.47700 0.02200
2451477.679650 17.44400 0.02500
2451479.720510 17.33400 0.02200
2451484.736180 17.41400 0.02300
2451487.761900 17.47500 0.01900
2451491.690020 17.36800 0.02200
2451493.841940 17.45500 0.02200
2451494.735520 17.43600 0.02300
2451497.791390 17.53800 0.02100
2451499.699190 17.36300 0.02500
2451502.694470 17.56800 0.02700
2451503.844380 17.42100 0.02200
2451505.734910 17.41500 0.02300
2451507.806070 17.86300 0.03300
2451510.782150 17.49900 0.02100
2451512.741190 17.67200 0.03000
2451514.852400 17.44600 0.02600
2451515.706520 17.37200 0.02200
2451517.738180 18.86000 0.04300
2451518.843130 17.35100 0.01900
2451521.697280 17.43000 0.02100
2451523.644330 17.37700 0.03400
2451525.748340 17.37200 0.01700
2451527.741070 17.93400 0.02600
2451528.820190 17.36100 0.01900
2451529.684370 17.52600 0.02300
2451531.801720 17.41500 0.01900
2451538.757960 17.33600 0.02100
2451542.681870 17.38000 0.02000
2451544.724510 18.93300 0.05100
2451547.796850 17.47700 0.02200
2451548.774580 17.36800 0.02300
2451549.793340 17.65100 0.02200
2451552.692430 17.38200 0.01900
2451553.768140 17.36000 0.01900
2451554.783350 18.83300 0.04100
2451555.770360 17.34400 0.02000
2451561.563530 19.03000 0.07700
2451562.769760 17.35800 0.02000
2451564.658640 17.48000 0.02200
2451567.616160 17.37600 0.02000
2451570.583340 17.35700 0.01900
2451573.623620 17.40200 0.02300
2451576.609000 17.56600 0.02300
2451579.671940 17.40900 0.01900
2451581.723590 18.80500 0.08100
2451583.722490 17.40700 0.02300
2451585.657640 17.43500 0.02500
2451588.607810 18.04800 0.03500
2451591.685540 17.71600 0.03500
2451593.589180 17.61000 0.02500
2451595.709880 17.42800 0.02500
2451599.682160 17.38500 0.02200
2451600.695730 17.39000 0.02600
2451604.546390 17.35800 0.02000
2451606.521100 17.38400 0.02100
2451609.621720 17.34500 0.02000
2451610.584580 17.46000 0.02400
2451611.655200 17.46600 0.02500
2451613.561190 17.45000 0.02100
2451615.507490 18.42800 0.03500
2451617.506930 17.39800 0.01900
2451619.529450 17.36700 0.02500
2451621.502000 17.37500 0.02300
2451623.500430 17.34800 0.02500
2451625.502410 18.67100 0.05900
2451627.502560 17.37800 0.02100
2451629.547470 17.40800 0.02100
2451630.556320 17.64700 0.03200
2451632.502850 17.56300 0.02200
2451634.542970 17.33500 0.02100
2451635.614420 18.75400 0.06700
2451643.534420 17.37400 0.02600
2451645.491580 17.49200 0.02500
2451650.549760 17.46200 0.04000
2451653.547200 17.37900 0.02400
2451655.520860 17.43100 0.02600
2451657.512250 17.66600 0.03500
2451660.537450 17.36000 0.02400
2451662.488340 18.11500 0.03600
2451664.503160 17.42400 0.02200
2451667.556890 17.57000 0.02600
2451671.486270 17.38800 0.02500
2451676.491000 17.42000 0.02600
