2450457.763520 15.23200 0.00800
2450458.747910 15.23100 0.01000
2450459.700670 15.23600 0.00800
2450461.715600 15.24100 0.00800
2450461.838170 15.24200 0.00900
2450462.547980 15.23700 0.00900
2450465.843340 15.23300 0.00900
2450466.702150 15.23800 0.00900
2450467.810030 15.23200 0.00800
2450468.716440 15.23600 0.00800
2450469.723970 15.23500 0.00900
2450470.784310 15.24300 0.01000
2450471.836300 15.24400 0.01200
2450472.761160 15.23500 0.00900
2450473.672980 15.25400 0.01000
2450474.753410 15.24700 0.01000
2450475.646190 15.24700 0.00900
2450476.798400 15.25600 0.01200
2450477.783060 15.25100 0.00900
2450478.590350 15.24400 0.00800
2450479.788780 15.25100 0.00900
2450480.625430 15.25600 0.00900
2450481.610540 15.25800 0.00900
2450482.771510 15.26400 0.00900
2450483.559290 15.26700 0.01000
2450484.557110 15.29600 0.00900
2450485.561700 15.29400 0.00800
2450487.580890 15.28100 0.00800
2450488.545510 15.26200 0.01200
2450488.683870 15.26600 0.00900
2450489.635800 15.26500 0.00800
2450490.606250 15.26100 0.00800
2450491.564400 15.25700 0.00900
2450492.548700 15.24900 0.00900
2450492.623130 15.25600 0.00900
2450493.551760 15.25900 0.00800
2450494.546570 15.26200 0.00900
2450495.548910 15.25800 0.00900
2450496.544420 15.24900 0.00900
2450496.760510 15.24700 0.01000
2450498.543160 15.25300 0.00900
2450499.538650 15.25200 0.00900
2450500.529850 15.24900 0.00900
2450501.530410 15.24500 0.00900
2450507.647950 15.23900 0.01100
2450508.534110 15.22900 0.01300
2450508.600840 15.23500 0.01100
2450510.538790 15.22900 0.01000
2450511.648370 15.23500 0.00900
2450512.685710 15.22000 0.00800
2450513.677630 15.22500 0.00800
2450514.550770 15.23000 0.00800
2450515.542440 15.23200 0.00800
2450516.545940 15.23800 0.00900
2450517.547440 15.24200 0.00900
2450518.586220 15.24900 0.00900
2450519.536860 15.24400 0.00800
2450521.537730 15.25400 0.01000
2450523.549640 15.26800 0.01000
2450524.528550 15.28800 0.00900
2450526.532000 15.32600 0.01000
2450526.633060 15.34200 0.01000
2450527.529340 15.36700 0.00900
2450530.617320 15.45200 0.01200
2450531.544210 15.44400 0.01100
2450532.529680 15.43400 0.01000
2450533.533170 15.40800 0.01000
2450534.540460 15.35800 0.01000
2450535.654990 15.32400 0.00900
2450552.638300 15.22900 0.00800
2450553.494010 15.23700 0.00800
2450554.552830 15.22700 0.00900
2450561.553270 15.24600 0.00900
2450566.488830 15.25400 0.00900
2450567.489630 15.25500 0.00800
2450569.484060 15.25300 0.00900
2450571.538280 15.25700 0.00900
2450572.494510 15.25000 0.01000
2450573.502090 15.25300 0.01000
2450574.530810 15.28500 0.00800
2450575.514190 15.29100 0.00900
2450577.468420 15.29600 0.01000
2450578.481480 15.27900 0.00900
2450583.466570 15.26000 0.00900
2450673.856460 15.25700 0.00800
2450689.842630 15.24300 0.00800
2450699.829760 15.25300 0.00900
2450701.874610 15.26500 0.01000
2450704.818520 15.29300 0.01000
2450706.822450 15.34400 0.01000
2450707.871870 15.37600 0.01000
2450712.894240 15.43300 0.00900
2450715.859640 15.32600 0.00900
2450720.814490 15.25300 0.00900
2450726.879690 15.24000 0.00800
2450728.843820 15.23600 0.00800
2450729.826180 15.23400 0.00900
2450733.878490 15.23900 0.01000
2450742.818970 15.24300 0.00800
2450745.750470 15.24400 0.00800
2450747.807220 15.24900 0.00800
2450748.762010 15.24800 0.00800
2450750.854860 15.25400 0.00900
2450751.747410 15.25300 0.00900
2450755.705910 15.28500 0.01100
2450759.775200 15.25000 0.00800
2450760.827370 15.24000 0.00800
2450763.823340 15.25500 0.00900
2450771.842810 15.24500 0.00800
2450775.834800 15.23300 0.00800
2450778.801290 15.24700 0.01000
2450780.832130 15.25000 0.00900
2450787.839840 15.24500 0.00800
2450796.789740 15.35100 0.00900
2450798.806990 15.41800 0.00900
2450816.815420 15.24500 0.00800
2450817.804850 15.24700 0.00800
2450822.763000 15.23400 0.00800
2450826.631220 15.23400 0.00800
2450827.741920 15.23300 0.00800
2450830.822080 15.24000 0.00900
2450831.667360 15.23800 0.00900
2450832.798320 15.25000 0.00800
2450833.699760 15.24700 0.00700
2450834.790800 15.24000 0.00900
2450837.796710 15.25800 0.00800
2450839.622470 15.26600 0.00900
2450841.805740 15.26900 0.00800
2450843.728800 15.27100 0.00800
2450844.677920 15.29400 0.00800
2450850.698720 15.25900 0.00900
2450854.720760 15.26000 0.00900
2450855.767240 15.25900 0.01200
2450856.712320 15.26500 0.01000
2450858.632170 15.25100 0.00900
2450860.723420 15.25200 0.00900
2450864.718380 15.24900 0.01100
2450874.731400 15.22800 0.00600
2450876.647710 15.24400 0.00700
2450879.607550 15.25100 0.00800
2450881.539530 15.25100 0.00800
2450887.621710 15.35700 0.01000
2450892.586630 15.43000 0.00900
2450895.567330 15.30500 0.00900
2450895.583940 15.31600 0.00800
2450900.536290 15.26300 0.00800
2450918.572240 15.25000 0.01000
2450920.537420 15.25500 0.01000
2450925.489620 15.26000 0.01000
2450933.503750 15.26200 0.00800
2450951.516730 15.24100 0.00800
2451040.910070 15.24200 0.00800
2451065.866480 15.32300 0.00900
2451068.828560 15.40500 0.00900
2451069.819010 15.45100 0.00800
2451071.836180 15.45300 0.00900
2451077.875590 15.28200 0.00700
2451079.783340 15.26400 0.00800
2451083.797040 15.25200 0.00900
2451088.861760 15.24800 0.00900
2451093.858430 15.24000 0.00800
2451107.819300 15.25400 0.00900
2451113.833120 15.26400 0.00800
2451119.765930 15.25000 0.00800
2451126.737400 15.25100 0.00800
2451130.703510 15.23900 0.00900
2451132.712060 15.24400 0.00800
2451136.831320 15.23100 0.00700
2451142.723310 15.23800 0.00700
2451151.818450 15.25500 0.00800
2451154.826990 15.28400 0.00800
2451157.778550 15.37200 0.00900
2451161.776560 15.47000 0.00700
2451163.748110 15.39700 0.00800
2451166.784560 15.28500 0.00900
2451170.832550 15.24400 0.00700
2451174.815180 15.22900 0.00800
2451178.732210 15.23800 0.00800
2451181.698780 15.23900 0.00800
2451185.781350 15.24700 0.00700
2451187.733300 15.23500 0.00800
2451189.797770 15.24500 0.00800
2451192.717350 15.23900 0.00700
2451196.593410 15.24300 0.01000
2451202.655240 15.26500 0.00900
2451204.760620 15.30700 0.00900
2451207.654030 15.28100 0.00900
2451211.734490 15.25200 0.00900
2451214.750970 15.25300 0.00900
2451217.712100 15.24800 0.00800
2451219.696780 15.25400 0.00900
2451223.604260 15.24100 0.00900
2451226.699190 15.24400 0.00900
2451230.647570 15.23300 0.00900
2451234.573990 15.24700 0.00900
2451238.577540 15.24800 0.01000
2451239.710200 15.24900 0.01000
2451241.686800 15.25900 0.00900
2451243.544670 15.27900 0.01000
2451245.513250 15.31700 0.01000
2451248.521600 15.40700 0.01000
2451253.592430 15.41200 0.01000
2451256.571710 15.30500 0.00900
2451259.622780 15.26300 0.00900
2451261.567790 15.24500 0.00900
2451265.585460 15.23700 0.00900
2451268.570370 15.23000 0.01000
2451276.523790 15.22800 0.00900
2451279.518310 15.23800 0.01000
2451288.551840 15.25600 0.00900
2451291.582880 15.25700 0.00800
2451296.556260 15.29300 0.00900
2451300.502600 15.26200 0.01000
2451305.477050 15.25900 0.01000
2451308.511800 15.25200 0.00900
2451313.487320 15.24300 0.01000
2451317.514930 15.23400 0.00900
2451320.476870 15.24000 0.00900
2451330.479610 15.24500 0.01000
2451333.484390 15.25900 0.01000
2451336.462930 15.32000 0.01100
2451397.908350 15.24900 0.00900
2451412.885980 15.24000 0.00900
2451431.800890 15.45300 0.00900
2451432.886230 15.42600 0.01000
2451435.846270 15.30900 0.00900
2451437.839100 15.28500 0.00900
2451440.877730 15.25300 0.01000
2451443.875650 15.25300 0.00900
2451447.798770 15.23400 0.01000
2451449.840470 15.24300 0.01200
2451454.754640 15.23600 0.01000
2451455.878310 15.24100 0.01000
2451458.792280 15.24000 0.00900
2451459.859640 15.24800 0.00800
2451462.730860 15.25700 0.01000
2451470.811860 15.25000 0.00800
2451475.810590 15.29700 0.00900
2451477.697450 15.27000 0.00900
2451479.737670 15.27000 0.00900
2451484.753090 15.26600 0.00900
2451487.794710 15.25500 0.00900
2451491.709170 15.24700 0.00900
2451493.818460 15.23900 0.00800
2451496.604280 15.24600 0.00900
2451498.746810 15.24200 0.00800
2451501.830890 15.24300 0.00800
2451503.725650 15.24600 0.00900
2451505.832250 15.24300 0.00900
2451507.779380 15.24500 0.00900
2451511.652090 15.24200 0.00800
2451514.699160 15.28900 0.00900
2451517.688690 15.37400 0.00800
2451519.691070 15.45300 0.00900
2451521.713750 15.45700 0.00900
2451522.691350 15.43800 0.00900
2451523.747790 15.38800 0.01300
2451525.724440 15.32800 0.00800
2451527.811600 15.28400 0.00800
2451528.714040 15.26700 0.00800
2451531.731690 15.24300 0.00800
2451538.688380 15.23300 0.00800
2451541.644480 15.23500 0.00800
2451542.744380 15.23500 0.00800
2451544.701170 15.22300 0.00800
2451547.727240 15.24300 0.00800
2451548.704640 15.23900 0.00800
2451549.769980 15.23900 0.00800
2451551.733850 15.24800 0.00800
2451552.667110 15.24700 0.00800
2451554.760080 15.24500 0.00800
2451555.696880 15.24300 0.00800
2451556.667560 15.24400 0.00800
2451562.699910 15.25900 0.00900
2451564.578530 15.28900 0.00900
2451564.674590 15.28800 0.01000
2451567.632020 15.26700 0.00800
2451570.729450 15.26000 0.00800
2451574.725090 15.25400 0.00800
2451576.624830 15.25500 0.00900
2451578.726410 15.25200 0.00900
2451581.640290 15.24200 0.00800
2451584.618810 15.24300 0.00900
2451587.606630 15.23700 0.00800
2451590.613740 15.23900 0.00800
2451595.686370 15.23800 0.00900
2451599.697720 15.24900 0.00900
2451600.672240 15.26100 0.01100
2451604.522900 15.28400 0.00900
2451606.536650 15.32400 0.00900
2451609.555900 15.43700 0.00900
2451610.600130 15.44800 0.00900
2451611.631570 15.45100 0.00900
2451612.525930 15.43300 0.00800
2451613.617340 15.39600 0.00900
2451614.518180 15.36100 0.00800
2451615.523090 15.32300 0.00800
2451616.537470 15.29700 0.00800
2451617.522450 15.27400 0.00800
2451618.529110 15.26500 0.00900
2451619.578220 15.26100 0.00900
2451620.599270 15.25400 0.00900
2451621.517400 15.24900 0.00900
2451622.584810 15.25200 0.00900
2451623.539730 15.25600 0.00900
2451624.547370 15.24700 0.00900
2451625.559320 15.24800 0.00900
2451626.651820 15.24500 0.00800
2451627.566960 15.24500 0.01000
2451628.505900 15.24500 0.00900
2451630.532780 15.23300 0.01000
2451631.530480 15.23600 0.00900
2451632.575740 15.24500 0.00800
2451633.521290 15.23600 0.00900
2451634.560910 15.23000 0.00800
2451635.529170 15.23400 0.00900
2451643.549940 15.24700 0.01000
2451644.579590 15.24700 0.00900
2451650.510480 15.24900 0.01100
2451653.586450 15.26200 0.00900
2451656.567050 15.31000 0.00900
2451658.544500 15.27700 0.00900
2451660.569750 15.28100 0.01200
2451663.500000 15.26500 0.00800
2451665.516160 15.26500 0.01000
2451671.512060 15.24500 0.00900
2451676.506570 15.23600 0.01000
2451684.506540 15.24400 0.01300
2451694.508110 15.27500 0.01000
