2450457.646280 18.43700 0.03600
2450457.704920 18.60400 0.03700
2450457.822190 18.31800 0.03700
2450458.678740 18.53900 0.04800
2450459.642060 18.39800 0.03400
2450459.847720 18.21600 0.03700
2450461.650650 18.26900 0.03200
2450461.778840 18.25300 0.03300
2450462.607410 18.21900 0.02700
2450465.850680 18.24900 0.03400
2450466.846150 18.42700 0.03600
2450468.775070 18.58400 0.03800
2450469.783990 18.31500 0.04400
2450470.801880 18.30200 0.05500
2450472.819790 18.24500 0.04600
2450475.580320 18.20800 0.03500
2450477.797890 18.22500 0.03500
2450478.803570 18.40200 0.03500
2450479.803830 18.51200 0.05000
2450480.640300 18.43900 0.03600
2450481.538130 18.33900 0.03500
2450482.830800 18.28200 0.04300
2450483.536270 18.49900 0.04800
2450484.534450 18.29100 0.04900
2450485.539020 18.27900 0.03300
2450486.531190 18.23300 0.03100
2450487.558560 18.23700 0.03300
2450488.570940 18.22000 0.03100
2450489.530990 18.22200 0.02800
2450490.539670 18.22000 0.02600
2450491.541250 18.27600 0.03300
2450492.526400 18.35500 0.04400
2450493.529520 18.36900 0.03200
2450494.524490 18.61500 0.04500
2450494.783970 18.18600 0.02900
2450495.526560 18.40500 0.04600
2450496.521760 18.26200 0.03700
2450496.738120 18.21000 0.05500
2450498.521080 18.22100 0.03600
2450499.783490 18.27600 0.05600
2450500.780960 18.25300 0.05900
2450501.545530 18.22700 0.03900
2450507.531680 18.40300 0.03900
2450508.574330 18.28300 0.04900
2450509.528880 18.27700 0.03600
2450510.559570 18.22200 0.04200
2450510.724790 18.24100 0.04900
2450511.624210 18.20400 0.03900
2450512.558540 18.15400 0.03900
2450513.542660 18.24000 0.05300
2450513.654460 18.23500 0.02600
2450514.522300 18.28000 0.04600
2450514.617760 18.24500 0.02600
2450515.518930 18.32300 0.03600
2450516.522450 18.36700 0.04300
2450517.521980 18.53800 0.05300
2450518.558850 18.44300 0.03700
2450519.511870 18.29800 0.03400
2450519.661420 18.24400 0.03600
2450519.739240 18.19800 0.04100
2450520.678110 18.23000 0.04000
2450521.514040 18.21700 0.04200
2450521.651580 18.26300 0.04300
2450521.715340 18.23200 0.06400
2450523.519370 18.27300 0.05500
2450524.504770 18.23400 0.05000
2450524.544850 18.21600 0.04100
2450526.508160 18.26200 0.04500
2450526.603920 18.27400 0.03600
2450527.502930 18.21900 0.03500
2450528.562760 18.52300 0.06100
2450530.542690 18.35300 0.04700
2450531.515720 18.34300 0.05400
2450531.614720 18.26300 0.05400
2450532.504330 18.24600 0.04700
2450533.503370 18.27900 0.04600
2450533.629290 18.23400 0.05300
2450534.512600 18.21200 0.03700
2450535.517040 18.21800 0.02600
2450536.666060 18.28500 0.04900
2450540.504220 18.49500 0.04600
2450552.615970 18.48300 0.04900
2450554.530400 18.24200 0.03400
2450558.523440 18.25400 0.05400
2450560.545780 18.27200 0.05400
2450561.486270 18.26100 0.03800
2450562.478350 18.22200 0.03800
2450564.487250 18.62300 0.07200
2450573.478470 18.24500 0.04600
2450673.833070 18.27100 0.02700
2450689.859340 18.25900 0.03200
2450699.805400 18.53400 0.03900
2450701.802650 18.30300 0.04100
2450704.844470 18.23200 0.03000
2450706.790790 18.24500 0.04800
2450707.844120 18.29900 0.06000
2450715.810010 18.26300 0.03400
2450720.790120 18.33500 0.05500
2450722.820570 18.57300 0.04100
2450726.778600 18.25800 0.03100
2450728.818320 18.26400 0.02800
2450729.873170 18.22300 0.03700
2450733.774030 18.43700 0.05400
2450741.868810 18.24500 0.03300
2450744.874290 18.48500 0.04700
2450745.715990 18.33900 0.03100
2450747.782980 18.40900 0.03100
2450748.737100 18.28000 0.03200
2450751.720310 18.17800 0.03500
2450755.680570 18.18700 0.03900
2450759.793690 18.32100 0.02700
2450760.770140 18.26000 0.03000
2450761.855070 18.22000 0.03200
2450765.796710 18.22400 0.03400
2450769.787480 18.50400 0.04200
2450774.794040 18.18900 0.03100
2450778.777380 18.24500 0.04100
2450780.848190 18.49500 0.03700
2450781.782220 18.58300 0.03900
2450788.793270 18.24700 0.02700
2450789.749720 18.28200 0.03200
2450792.789770 18.61600 0.05800
2450795.851450 18.22500 0.03000
2450796.852120 18.19500 0.03500
2450797.849630 18.24400 0.03300
2450798.846690 18.16100 0.03200
2450805.772020 18.45000 0.04900
2450816.714370 18.50200 0.03600
2450817.820610 18.21000 0.03400
2450818.856540 18.22600 0.03000
2450819.850550 18.14500 0.04000
2450822.778730 18.20000 0.02800
2450825.738040 18.34600 0.04400
2450827.648490 18.32000 0.03100
2450828.833060 18.28300 0.03300
2450829.667560 18.47400 0.04400
2450830.798970 18.22900 0.03300
2450831.644180 18.26200 0.03600
2450832.720360 18.15700 0.02700
2450833.653170 18.21900 0.02500
2450837.812500 18.40400 0.02600
2450839.599320 18.30800 0.03100
2450841.821290 18.22400 0.03700
2450842.786470 18.21300 0.03700
2450844.654520 18.25600 0.03900
2450850.675540 18.34000 0.04100
2450854.736300 18.23100 0.04200
2450856.727610 18.16200 0.05100
2450858.608900 18.19300 0.03300
2450860.755530 18.19700 0.04500
2450864.694950 18.32900 0.05000
2450875.590630 18.55800 0.03600
2450880.507640 18.24100 0.03300
2450887.587890 18.56800 0.04900
2450892.671850 18.26400 0.03700
2450895.494210 18.18700 0.03900
2450897.492930 18.26100 0.03400
2450918.487780 18.25600 0.06100
2450922.476290 18.32500 0.03200
2450928.494810 18.25000 0.04400
2450931.517270 18.21300 0.04400
2450934.489450 18.53700 0.05400
2450950.491850 18.25400 0.03700
2450952.483530 18.23500 0.03600
2451053.913130 18.22900 0.02700
2451065.909300 18.23900 0.03900
2451068.800690 18.36400 0.03800
2451069.794900 18.43400 0.03600
2451071.793730 18.40100 0.04200
2451077.820240 18.23200 0.03000
2451083.769430 18.36900 0.03600
2451088.838280 18.28700 0.03800
2451092.870820 18.56900 0.04300
2451102.762620 18.23500 0.02300
2451106.819640 18.24700 0.02400
2451112.801170 18.26400 0.03400
2451116.777410 18.51900 0.03300
2451126.677170 18.26900 0.03600
2451129.724320 18.55300 0.04000
2451132.774520 18.22900 0.03200
2451136.807840 18.23900 0.02700
2451142.700080 18.36600 0.02700
2451151.794660 18.58800 0.04100
2451154.802500 18.23200 0.03400
2451157.795790 18.23900 0.04300
2451160.829260 18.21800 0.03000
2451163.770700 18.56500 0.04400
2451166.804660 18.15700 0.03800
2451169.785190 18.20300 0.03400
2451171.833630 18.25300 0.02600
2451174.759980 18.44000 0.03000
2451175.841280 18.34700 0.03100
2451183.730050 18.23100 0.02800
2451185.844800 18.54400 0.03300
2451187.800330 18.37800 0.02800
2451189.823320 18.22000 0.02900
2451191.828770 18.26700 0.02600
2451194.736090 18.25000 0.03000
2451196.616590 18.23800 0.04000
2451201.751300 18.31400 0.03900
2451204.736910 18.24700 0.03000
2451207.629730 18.18400 0.03400
2451211.710070 18.39600 0.04400
2451214.603220 18.26300 0.03500
2451217.656600 18.25000 0.03400
2451219.712430 18.22000 0.03400
2451223.580710 18.68000 0.04800
2451226.673420 18.22400 0.03600
2451228.647210 18.22900 0.04100
2451231.588670 18.28700 0.03800
2451234.666170 18.59500 0.04600
2451236.657040 18.27900 0.05500
2451239.686870 18.20400 0.03700
2451241.703450 18.27800 0.04300
2451243.510430 18.24000 0.03800
2451245.595140 18.35800 0.03300
2451247.694580 18.26900 0.03700
2451248.662290 18.29400 0.03600
2451254.513770 18.22900 0.03600
2451259.506140 18.51300 0.04200
2451264.500350 18.21200 0.04300
2451267.519520 18.24100 0.04400
2451273.525700 18.24400 0.05000
2451275.504700 18.23900 0.03500
2451278.537220 18.21900 0.04000
2451288.482020 18.23600 0.03900
2451290.611730 18.19700 0.04000
2451298.523270 18.22500 0.03800
2451301.528550 18.27200 0.04700
2451306.469840 18.58300 0.05100
2451312.462760 18.27300 0.05000
2451319.518710 18.21700 0.03300
2451320.458720 18.23200 0.04400
2451330.455770 18.38800 0.05500
2451331.458550 18.29400 0.05200
2451331.505970 18.30100 0.07000
2451332.453970 18.24800 0.04600
2451333.459570 18.19600 0.04800
2451335.455940 18.30300 0.05000
2451336.455330 18.30200 0.06600
2451336.471460 18.21800 0.05600
2451336.479500 18.19000 0.05200
2451338.477200 18.26300 0.06900
2451338.485140 18.23400 0.07000
2451339.452570 18.16400 0.06300
2451339.462500 18.26000 0.06400
2451340.450690 18.49800 0.08500
2451340.475310 18.49200 0.06300
2451342.455300 18.35200 0.05100
2451343.471230 18.25000 0.04500
2451346.473950 18.14000 0.09700
2451348.457740 18.23200 0.05500
2451349.459240 18.25200 0.07100
2451350.460200 18.23400 0.04600
2451354.938220 18.26800 0.04600
2451360.939710 18.23600 0.05000
2451365.939490 18.21100 0.04700
2451375.929920 18.19700 0.04300
2451395.905200 18.20600 0.04100
2451400.891050 18.21800 0.03800
2451412.901440 18.22700 0.03800
2451415.910760 18.39700 0.05400
2451430.865540 18.26900 0.03500
2451432.862740 18.27800 0.03800
2451433.900070 18.20300 0.03700
2451435.766730 18.21800 0.03800
2451437.760430 18.21800 0.04400
2451440.806920 18.50600 0.03800
2451443.849960 18.22300 0.04200
2451446.882130 18.19600 0.04700
2451448.773190 18.15900 0.04200
2451454.792750 18.27000 0.05200
2451458.808800 18.21400 0.03700
2451459.836260 18.21000 0.03100
2451462.747610 18.25200 0.03600
2451470.787940 18.27100 0.02800
2451475.787600 18.55600 0.04200
2451477.672140 18.55500 0.04700
2451479.713020 18.26400 0.04100
2451484.728720 18.26200 0.03700
2451487.754400 18.46800 0.03200
2451491.682520 18.29500 0.03800
2451493.834440 18.26400 0.03400
2451494.728010 18.25000 0.03800
2451497.783890 18.34300 0.03000
2451499.691680 18.45800 0.05100
2451502.686980 18.26000 0.03700
2451503.836870 18.25600 0.03400
2451505.727370 18.22500 0.03400
2451507.798560 18.24700 0.04400
2451510.774630 18.52800 0.03700
2451512.733640 18.40500 0.04200
2451514.844870 18.20000 0.03800
2451515.699000 18.26700 0.03600
2451517.730670 18.22200 0.02400
2451518.835610 18.25400 0.03000
2451521.689750 18.23000 0.03100
2451523.636760 18.41500 0.05800
2451525.740760 18.24500 0.02900
2451527.733470 18.22700 0.02700
2451528.812600 18.21400 0.02800
2451529.676760 18.19800 0.03500
2451531.794130 18.24600 0.03100
2451538.750390 18.19300 0.03200
2451542.674250 18.25600 0.03400
2451544.716890 18.25400 0.02900
2451547.789240 18.27600 0.03600
2451548.766960 18.24300 0.03100
2451549.785690 18.22800 0.02600
2451552.684810 18.20900 0.02900
2451553.760500 18.25900 0.03000
2451554.775720 18.21500 0.02500
2451555.762730 18.26000 0.03700
2451561.555860 18.32100 0.04100
2451562.762080 18.16100 0.03900
2451564.650970 18.25700 0.03800
2451567.608490 18.19400 0.03400
2451570.575630 18.46400 0.03800
2451573.615920 18.25200 0.03000
2451576.601260 18.21500 0.03200
2451579.664210 18.32700 0.03400
2451581.715900 18.51600 0.05100
2451583.714780 18.27900 0.03800
2451585.649890 18.24700 0.03000
2451588.600050 18.23500 0.03900
2451591.677780 18.28700 0.06100
2451593.596740 18.48300 0.04300
2451595.702140 18.25600 0.04100
2451599.674400 18.17200 0.02800
2451600.687940 18.23400 0.04400
2451604.538590 18.25000 0.03500
2451606.513320 18.64400 0.05700
2451609.613940 18.26900 0.03600
2451610.576800 18.24100 0.04000
2451611.647430 18.20600 0.03400
2451613.553400 18.26700 0.03900
2451615.499650 18.25000 0.03100
2451617.499110 18.43000 0.04700
2451619.521650 18.37000 0.05200
2451621.494210 18.19100 0.04700
2451623.492640 18.17700 0.04200
2451625.494620 18.23300 0.03500
2451627.494760 18.28800 0.04000
2451629.539680 18.55500 0.04700
2451630.548510 18.49900 0.05100
2451632.495030 18.28800 0.03700
2451634.535120 18.24100 0.03200
2451635.606620 18.23000 0.03900
2451643.526600 18.29900 0.03500
2451645.483740 18.20300 0.04800
2451650.541940 18.20000 0.06200
2451653.539370 18.55100 0.05800
2451655.513080 18.24900 0.04100
2451657.504450 18.30000 0.04700
2451660.529630 18.25300 0.05100
2451662.480540 18.25400 0.03700
2451664.495350 18.43400 0.04300
2451667.549100 18.25400 0.04800
2451671.478480 18.22300 0.04600
2451676.483200 18.50700 0.05700
2451690.487180 18.19100 0.05000
