2450726.790690 16.28300 0.01200
2450728.853980 15.91400 0.01000
2450729.836870 15.94300 0.01200
2450739.821540 15.94900 0.01300
2450742.833840 16.22900 0.01300
2450744.806700 15.91700 0.01100
2450745.816240 16.17900 0.01200
2450746.854320 15.99900 0.01000
2450747.673700 15.90200 0.01100
2450748.651060 16.01000 0.01200
2450750.731360 15.97800 0.01200
2450751.761870 15.89800 0.01200
2450752.823220 15.92200 0.01100
2450754.831530 15.92900 0.01200
2450755.728790 15.89700 0.01200
2450759.732010 15.93400 0.01000
2450760.786470 15.97600 0.01100
2450762.807200 15.91400 0.01200
2450769.819580 16.01200 0.01200
2450773.807010 15.94200 0.01200
2450776.833050 16.16500 0.01200
2450779.773930 15.99300 0.01200
2450781.790480 15.91500 0.01100
2450783.798900 16.18600 0.01000
2450788.801370 16.01000 0.01000
2450790.816150 15.94400 0.01000
2450795.772900 16.09400 0.01200
2450798.768140 15.97900 0.01000
2450805.829710 15.95300 0.01300
2450816.823800 15.90400 0.01000
2450817.766290 15.95800 0.01100
2450824.713670 15.98000 0.01200
2450826.685940 15.96700 0.01100
2450827.656410 15.91600 0.01100
2450828.715860 15.94700 0.01000
2450829.676920 16.28200 0.01600
2450830.597410 15.91600 0.01200
2450831.605440 15.90300 0.01200
2450832.728280 16.00400 0.01100
2450833.661050 15.98100 0.00900
2450833.752780 16.07900 0.01100
2450834.714140 15.92800 0.01100
2450835.681260 15.94100 0.01000
2450836.650150 16.07600 0.01100
2450837.631640 16.01100 0.01000
2450838.759320 15.91200 0.01300
2450839.630310 15.93600 0.01200
2450840.750710 16.21000 0.01200
2450842.662800 15.88700 0.01100
2450844.610540 16.08900 0.01300
2450845.635640 15.96200 0.00900
2450850.706650 15.89600 0.01300
2450854.744130 15.90700 0.01300
2450855.728730 15.98200 0.01500
2450856.636060 16.00500 0.01200
2450857.694350 15.91200 0.01200
2450858.648180 15.93400 0.01400
2450859.724120 16.28600 0.01300
2450860.602650 15.91900 0.01200
2450860.665320 15.92900 0.01200
2450865.533010 15.95800 0.01200
2450867.588410 16.11200 0.01200
2450874.699950 15.99000 0.00800
2450876.569140 15.90900 0.00900
2450876.669280 15.89700 0.01000
2450878.705980 16.28200 0.01300
2450880.592780 15.88900 0.01100
2450885.599470 15.95300 0.01800
2450887.637790 15.91300 0.01300
2450890.661370 16.01800 0.01300
2450892.554920 15.96000 0.01100
2450895.598260 15.89100 0.01100
2450898.575960 15.91600 0.00900
2450918.591200 15.90900 0.01400
2450928.557410 15.97300 0.01500
2450933.519690 15.90500 0.01100
2450951.477610 15.97200 0.01100
2451041.891760 15.94300 0.00900
2451072.840080 15.96700 0.01100
2451078.792230 15.92000 0.01100
2451080.827100 16.07000 0.01000
2451081.803820 16.00800 0.01100
2451083.872060 15.93300 0.01100
2451084.785690 16.50800 0.01300
2451086.806000 15.90200 0.01000
2451089.769050 15.94500 0.01100
2451090.790850 15.92300 0.01100
2451091.848990 15.96800 0.01300
2451092.847290 16.33700 0.01200
2451093.874120 15.92700 0.01000
2451107.835980 16.14900 0.01100
2451109.785680 15.90100 0.01300
2451113.849140 15.90000 0.01100
2451116.793370 15.91300 0.01000
2451126.695120 16.02300 0.01200
2451129.793870 15.95900 0.01000
2451131.798530 15.92200 0.01200
2451132.790390 15.91200 0.01100
2451134.803440 15.98900 0.01000
2451142.740750 15.92300 0.01000
2451153.707040 15.94700 0.01000
2451155.662740 15.97700 0.01300
2451157.723320 16.00200 0.01300
2451159.700330 15.96100 0.01300
2451159.728270 15.94000 0.01200
2451161.793360 15.93800 0.01000
2451163.790030 15.98800 0.01100
2451165.790210 15.96500 0.01000
2451167.724900 15.97500 0.01100
2451168.735890 16.15100 0.01200
2451171.703780 16.33300 0.01100
2451174.831580 15.94600 0.00900
2451178.749570 15.93200 0.01100
2451181.715140 15.88700 0.01100
2451183.748670 16.10700 0.01100
2451185.797590 15.91200 0.01000
2451187.750820 16.20000 0.01100
2451189.739240 15.91200 0.01000
2451191.804100 16.02000 0.01000
2451192.834880 15.94500 0.01000
2451194.654390 16.17200 0.01200
2451196.671240 15.91500 0.01200
2451202.676610 16.05300 0.01200
2451204.656780 15.94600 0.01200
2451207.669540 15.90900 0.01300
2451211.695940 15.90200 0.01200
2451214.734510 15.99400 0.01200
2451215.560640 15.93000 0.01100
2451216.628700 15.95700 0.01200
2451217.696340 16.47500 0.01300
2451219.633520 15.92000 0.01200
2451221.604250 15.98100 0.01200
2451223.694390 15.92700 0.01200
2451224.574020 16.14100 0.01400
2451226.582280 15.89500 0.01100
2451227.589330 15.92600 0.01200
2451232.678900 16.14800 0.01200
2451235.580110 15.95500 0.01200
2451237.564040 15.93900 0.01800
2451238.666030 15.90700 0.02100
2451241.566280 15.90800 0.01200
2451242.639630 15.93800 0.01200
2451243.607220 16.06400 0.01200
2451245.551940 15.90300 0.01200
2451247.686310 16.27800 0.01400
2451248.654090 15.95200 0.01200
2451251.608610 16.18700 0.01400
2451254.562470 15.99600 0.01300
2451255.595490 16.27700 0.01500
2451258.592790 16.13600 0.01200
2451260.619920 15.91900 0.01100
2451266.605370 16.48800 0.01700
2451268.526470 15.89600 0.01300
2451275.543900 15.93200 0.01300
2451278.526500 15.96500 0.01300
2451281.534550 16.13900 0.01500
2451290.504280 15.93200 0.01400
2451296.595170 16.10100 0.01400
2451300.541310 16.11900 0.01500
2451305.519680 15.93100 0.01300
2451308.550690 16.12600 0.01400
2451315.509840 16.26500 0.01700
2451318.492570 15.96300 0.01300
2451320.534740 16.01300 0.01400
2451331.497180 16.11400 0.01600
2451431.840480 16.05700 0.01200
2451433.837040 15.93100 0.01400
2451435.884930 15.97600 0.01200
2451437.877660 15.96400 0.01200
2451441.853780 15.95200 0.01100
2451443.812440 15.92700 0.01500
2451447.781730 15.93000 0.01600
2451448.872430 15.94300 0.01400
2451453.794360 16.49100 0.01800
2451455.790660 15.90500 0.01500
2451458.776570 15.98000 0.01400
2451461.744560 16.17000 0.01300
2451462.863740 15.94600 0.01300
2451471.754990 15.94400 0.01200
2451475.849380 15.97700 0.01100
2451478.774130 15.92300 0.01100
2451481.836360 15.92600 0.01200
2451484.840660 16.07200 0.01100
2451487.833470 16.02400 0.01100
2451491.772180 16.50900 0.01700
2451493.714080 15.89900 0.01100
2451495.757560 16.13900 0.01200
2451498.678690 16.03100 0.01200
2451500.819220 15.91600 0.01100
2451503.709510 15.96900 0.01300
2451505.816360 15.95700 0.01200
2451507.712410 15.98000 0.01500
2451508.829020 15.90300 0.01100
2451509.690560 15.94100 0.01100
2451510.656050 16.37400 0.01200
2451511.738650 15.92500 0.01200
2451512.772700 15.90800 0.01300
2451514.787190 16.16500 0.01300
2451516.832980 15.90600 0.01100
2451518.704840 16.13700 0.01200
2451520.730170 15.90600 0.01100
2451522.730840 15.96400 0.01100
2451523.731010 15.93200 0.01300
2451525.706930 16.14500 0.01200
2451527.772290 15.90100 0.01300
2451528.698230 15.94300 0.01100
2451529.823640 16.30800 0.01200
2451531.715600 15.91200 0.01100
2451538.672740 15.89500 0.01000
2451541.628580 15.94300 0.01000
2451542.782890 15.93000 0.01100
2451544.685310 16.16300 0.01100
2451546.709940 15.91100 0.01300
2451547.711580 15.93000 0.01000
2451548.688700 16.51300 0.01200
2451551.718100 15.99900 0.01000
2451552.651010 16.04800 0.01100
2451553.674710 15.94600 0.01100
2451554.653280 15.92800 0.01100
2451555.677790 16.00200 0.01100
2451556.651910 16.07400 0.01200
2451560.643640 15.95800 0.01400
2451564.562750 15.96800 0.01200
2451568.639470 15.92500 0.01300
2451571.649150 16.05200 0.01100
2451575.663510 16.13000 0.01300
2451578.703840 16.18200 0.01400
2451580.714660 15.91300 0.01000
2451582.649120 16.15900 0.01200
2451585.639900 15.94000 0.01100
2451588.643190 15.90900 0.01200
2451591.607050 15.91800 0.01400
2451595.600270 15.90100 0.01200
2451599.666270 15.90000 0.01100
2451600.633130 15.97000 0.01300
2451601.626280 16.16900 0.01400
2451602.692740 16.01900 0.01200
2451604.624320 15.94000 0.01100
2451606.581330 15.90800 0.01200
2451609.537560 15.95800 0.01300
2451610.552480 15.93600 0.01300
2451611.612550 15.93400 0.01100
2451613.592930 16.02100 0.01100
2451614.663990 15.92100 0.01300
2451616.521650 16.52100 0.01300
2451618.670840 15.91400 0.01300
2451619.560880 15.99000 0.01300
2451621.557040 15.95200 0.01300
2451623.654190 15.92400 0.01300
2451625.635220 15.92000 0.01100
2451627.605510 16.03600 0.01300
2451628.545460 15.98200 0.01100
2451630.517070 15.98200 0.01500
2451631.514890 16.13900 0.01200
2451633.630320 15.91500 0.01100
2451635.513270 16.51600 0.01600
2451643.589320 16.36700 0.01900
2451645.522400 15.92700 0.01900
2451653.507730 15.92500 0.01300
2451655.551650 15.93400 0.01200
2451657.561120 16.00400 0.01400
2451659.575740 15.98400 0.01300
2451662.543310 16.26600 0.01300
2451664.566380 15.90900 0.01200
2451669.536310 16.11300 0.01600
2451672.509020 15.94500 0.01300
2451687.506640 15.97500 0.01600
2451695.491970 16.01800 0.01300
