2450457.756240 15.77200 0.00900
2450458.740590 15.54700 0.00900
2450459.693390 15.54800 0.00900
2450461.708330 15.55000 0.00900
2450461.830900 15.55000 0.01000
2450462.540700 15.54800 0.00900
2450465.784270 15.71000 0.00900
2450466.694890 15.54500 0.00900
2450467.802770 15.53000 0.00900
2450468.709170 15.81000 0.00900
2450469.709210 15.54000 0.00900
2450470.777010 15.55200 0.01100
2450471.829020 15.56700 0.01100
2450472.753890 15.54100 0.00900
2450473.665700 15.54700 0.01100
2450474.746130 15.55000 0.01000
2450475.638890 15.53800 0.01000
2450476.791130 15.82700 0.01300
2450477.775790 15.54600 0.00900
2450478.583070 15.54400 0.00900
2450479.781500 15.82300 0.01100
2450480.618150 15.54500 0.01000
2450481.603260 15.55000 0.00900
2450482.764250 15.55600 0.00800
2450483.552000 15.54400 0.01000
2450484.549860 15.55400 0.01100
2450485.554430 15.55300 0.00900
2450486.545980 15.53900 0.00900
2450487.573630 15.66500 0.01000
2450488.538240 15.56400 0.01100
2450488.676590 15.55900 0.00900
2450489.628540 15.54800 0.00900
2450490.599010 15.82100 0.00900
2450491.557130 15.54900 0.00900
2450492.541430 15.55100 0.00900
2450492.615820 15.55600 0.00900
2450493.544490 15.61000 0.00900
2450494.539310 15.54200 0.00900
2450495.541650 15.56400 0.01000
2450496.537130 15.55500 0.00900
2450496.753240 15.54700 0.01200
2450498.535900 15.73000 0.00900
2450499.531400 15.55400 0.00900
2450500.522590 15.55300 0.01000
2450501.523160 15.83200 0.01100
2450507.640690 15.54400 0.01200
2450508.526840 15.54100 0.01800
2450508.593560 15.54500 0.01100
2450510.531540 15.54500 0.01000
2450511.641100 15.53200 0.01000
2450512.678470 15.61300 0.01000
2450513.670370 15.53200 0.00800
2450514.543500 15.55200 0.01000
2450515.535160 15.56300 0.01000
2450516.538700 15.52600 0.01000
2450517.540190 15.56500 0.01000
2450518.578970 15.55100 0.00900
2450519.529600 15.54900 0.00900
2450521.530470 15.55600 0.01100
2450523.542320 15.69300 0.01100
2450524.521300 15.53800 0.01000
2450526.524720 15.56000 0.01000
2450526.625810 15.56400 0.01000
2450527.522050 15.54700 0.00900
2450528.581470 15.60800 0.01100
2450530.610080 15.54600 0.01100
2450531.536960 15.85000 0.01200
2450532.522380 15.54200 0.01100
2450533.525910 15.54100 0.01100
2450534.533220 15.59700 0.01100
2450535.647730 15.53800 0.01000
2450552.631050 15.55100 0.00900
2450553.486770 15.71900 0.01000
2450554.545570 15.54000 0.01000
2450561.545990 15.81800 0.01100
2450566.481580 15.54700 0.00900
2450567.482350 15.55300 0.00900
2450569.476820 15.72000 0.01100
2450571.530660 15.53800 0.01000
2450572.486870 15.81300 0.01100
2450573.494470 15.53700 0.01100
2450574.523230 15.55400 0.00900
2450673.848810 15.55200 0.00600
2450699.822110 15.55800 0.01000
2450701.866980 15.54200 0.00900
2450704.810850 15.54200 0.00900
2450706.814820 15.56200 0.01100
2450707.864170 15.54000 0.01000
2450712.886600 15.54000 0.00800
2450715.851990 15.55000 0.00900
2450720.806830 15.55500 0.00800
2450726.872040 15.54600 0.00800
2450728.836170 15.54700 0.00900
2450729.818510 15.53900 0.00900
2450733.870830 15.56500 0.01100
2450742.811310 15.53600 0.00900
2450745.742830 15.54200 0.00900
2450747.799580 15.54800 0.00800
2450748.754350 15.54900 0.00900
2450750.847200 15.54700 0.00900
2450751.739780 15.54300 0.01000
2450755.698250 15.57300 0.01000
2450759.767550 15.54400 0.00800
2450760.819710 15.78600 0.00900
2450763.815690 15.56200 0.01000
2450769.852130 15.53600 0.00900
2450775.827130 15.54100 0.00900
2450778.793670 15.54000 0.01000
2450780.824460 15.53800 0.00900
2450787.832200 15.81000 0.00900
2450792.766200 15.55500 0.00900
2450796.782110 15.55200 0.00800
2450798.799300 15.85600 0.01000
2450816.807790 15.53900 0.00800
2450817.797240 15.58800 0.00900
2450822.755350 15.54000 0.00800
2450826.623580 15.56200 0.00900
2450827.734280 15.53700 0.00800
2450830.814470 15.56500 0.01100
2450831.659740 15.85100 0.00900
2450832.790690 15.54000 0.00800
2450833.692150 15.54400 0.00800
2450834.783190 15.55500 0.01000
2450837.789100 15.55900 0.00800
2450839.614830 15.58800 0.00900
2450841.798120 15.57100 0.00900
2450843.721180 15.54800 0.00900
2450844.670310 15.55700 0.00900
2450850.691110 15.77800 0.01000
2450854.713150 15.54100 0.01000
2450855.759610 15.54800 0.01200
2450856.719990 15.55900 0.01100
2450858.624530 15.61000 0.00900
2450860.715830 15.53900 0.01000
2450864.710780 15.56200 0.01100
2450874.723820 15.56500 0.00700
2450876.640120 15.53300 0.00700
2450879.599940 15.54600 0.00900
2450881.531930 15.55300 0.00900
2450887.614110 15.55600 0.01000
2450890.539900 15.54700 0.00800
2450892.579030 15.55500 0.00900
2450895.559750 15.53300 0.00900
2450900.528700 15.55300 0.01000
2450918.564650 15.58100 0.01100
2450920.529810 15.55300 0.01000
2450925.482020 15.56500 0.01100
2450931.472770 15.56400 0.01200
2450933.496170 15.54900 0.00900
2450951.509100 15.75100 0.00800
2451040.902450 15.54500 0.00900
2451051.898300 15.54800 0.00900
2451065.858820 15.56500 0.00900
2451068.820920 15.58300 0.00900
2451069.811350 15.55200 0.00800
2451071.828540 15.84800 0.01000
2451077.867940 15.56600 0.00800
2451083.789390 15.55000 0.00900
2451088.854100 15.56100 0.00900
2451093.850760 15.60300 0.00800
2451102.828780 15.54800 0.00800
2451107.811650 15.55300 0.00800
2451113.825490 15.53500 0.00800
2451119.758300 15.54600 0.00900
2451126.729760 15.56700 0.00800
2451130.695840 15.55100 0.00900
2451132.704410 15.56000 0.00800
2451136.823680 15.56300 0.00800
2451142.715660 15.86000 0.00800
2451151.810800 15.54600 0.00800
2451154.819350 15.54800 0.00900
2451157.770930 15.53400 0.00900
2451161.768920 15.78800 0.00800
2451163.740460 15.55400 0.00800
2451166.776960 15.57400 0.00900
2451170.824940 15.55500 0.00800
2451174.807560 15.55800 0.00800
2451178.724570 15.55300 0.00800
2451181.691150 15.54900 0.00900
2451185.773730 15.55600 0.00800
2451187.725690 15.55000 0.00800
2451189.790140 15.54300 0.00800
2451192.709740 15.55200 0.00800
2451196.585790 15.55300 0.01000
2451202.647620 15.84800 0.01000
2451204.752980 15.54000 0.00900
2451207.646430 15.55000 0.00900
2451211.726890 15.53700 0.01000
2451214.743360 15.54100 0.00900
2451217.704500 15.53900 0.00900
2451219.689170 15.55800 0.00900
2451223.596670 15.54400 0.01000
2451226.691590 15.54100 0.01000
2451229.683470 15.58100 0.01300
2451230.639940 15.55900 0.00900
2451234.566380 15.53700 0.01000
2451238.569960 15.56700 0.01000
2451239.702560 15.53700 0.01000
2451241.679200 15.54700 0.01000
2451243.537080 15.64200 0.01000
2451245.505650 15.55900 0.01100
2451248.514000 15.54900 0.01100
2451253.584830 15.54100 0.01000
2451256.564090 15.54800 0.00900
2451259.615170 15.55100 0.01000
2451261.560180 15.53600 0.00900
2451265.577860 15.81800 0.01000
2451268.562770 15.56000 0.01100
2451276.516200 15.82200 0.01000
2451278.577640 15.55900 0.01100
2451279.510730 15.56300 0.01000
2451288.544210 15.53000 0.01000
2451291.575280 15.53300 0.00900
2451296.548660 15.54500 0.01000
2451300.494980 15.55800 0.01100
2451305.469430 15.55700 0.01200
2451308.504170 15.55500 0.00900
2451313.479730 15.54000 0.01000
2451317.507320 15.72800 0.01000
2451320.484520 15.55500 0.01000
2451330.472020 15.55200 0.01100
2451333.476780 15.69700 0.01200
2451397.900710 15.54300 0.01000
2451412.878340 15.82000 0.01100
2451431.787400 15.80500 0.00900
2451432.878580 15.55500 0.00900
2451435.838620 15.55100 0.00900
2451437.831450 15.56500 0.00900
2451440.870080 15.55200 0.00900
2451443.867980 15.55800 0.00900
2451447.791130 15.55600 0.01200
2451449.832840 15.55200 0.01200
2451454.747010 15.54700 0.01000
2451455.870640 15.55500 0.01100
2451458.784610 15.57300 0.01000
2451459.852000 15.57600 0.00900
2451462.723210 15.55500 0.00900
2451470.804240 15.56300 0.00900
2451475.802920 15.68400 0.00900
2451477.689790 15.55400 0.00900
2451479.730020 15.55000 0.00900
2451484.745430 15.54900 0.00900
2451487.787030 15.54600 0.00900
2451491.701540 15.65000 0.01000
2451493.810810 15.54200 0.00900
2451496.596640 15.55900 0.01000
2451498.739170 15.54100 0.00900
2451501.823240 15.54500 0.00900
2451503.718000 15.55900 0.01000
2451505.824580 15.75000 0.01000
2451507.771740 15.56000 0.01000
2451509.838670 15.54000 0.00900
2451511.644450 15.55600 0.00900
2451514.691530 15.55400 0.01000
2451517.681060 15.52900 0.00900
2451519.683430 15.56800 0.00900
2451521.706110 15.56100 0.00800
2451522.683730 15.55300 0.00900
2451523.740160 15.56100 0.01500
2451525.716830 15.54300 0.00900
2451527.803970 15.57500 0.00900
2451528.706430 15.54500 0.00800
2451531.724030 15.55200 0.00900
2451538.680740 15.60200 0.00900
2451541.636850 15.56300 0.00800
2451542.736730 15.53700 0.00900
2451544.693550 15.55400 0.00800
2451547.719590 15.54900 0.00800
2451548.697030 15.55000 0.00800
2451549.762360 15.55600 0.00800
2451551.726240 15.63700 0.00800
2451552.659490 15.55200 0.00900
2451554.752460 15.81700 0.00800
2451555.689260 15.54200 0.00900
2451556.659940 15.55900 0.00800
2451562.692290 15.70700 0.01000
2451564.570930 15.53500 0.01000
2451564.666970 15.53600 0.00900
2451567.624380 15.55300 0.00900
2451570.721820 15.55100 0.00800
2451574.717480 15.54300 0.00800
2451576.617220 15.83000 0.01000
2451578.718790 15.55500 0.01000
2451581.632670 15.55000 0.00800
2451584.611220 15.81500 0.01000
2451587.599010 15.81900 0.00900
2451590.606140 15.55400 0.00900
2451595.678790 15.85700 0.01100
2451599.690120 15.53300 0.00900
2451600.664630 15.55700 0.01000
2451604.515310 15.54700 0.01000
2451606.529040 15.86600 0.01000
2451609.548290 15.69300 0.01000
2451610.592540 15.54600 0.01000
2451611.623970 15.55200 0.00900
2451612.518310 15.56900 0.00800
2451613.609760 15.54100 0.00900
2451614.510560 15.55400 0.00800
2451615.515490 15.54700 0.00800
2451616.529830 15.55300 0.00800
2451617.514800 15.86000 0.00900
2451618.521480 15.54500 0.00900
2451619.570610 15.54400 0.00900
2451620.591660 15.55600 0.01000
2451621.509800 15.52300 0.01000
2451622.577210 15.54900 0.00900
2451623.532130 15.55300 0.00900
2451624.539780 15.53500 0.01000
2451625.551720 15.66600 0.01000
2451626.644210 15.54000 0.00900
2451627.559360 15.55300 0.01000
2451628.498320 15.81500 0.01100
2451630.525190 15.54800 0.01100
2451630.573770 15.55200 0.00900
2451631.522860 15.56500 0.00900
2451632.557260 15.53900 0.00900
2451633.513680 15.56500 0.00900
2451634.553320 15.55200 0.00900
2451635.521550 15.54400 0.01000
2451643.542340 15.53800 0.01100
2451644.572000 15.72200 0.00900
2451650.502900 15.59900 0.01200
2451653.578850 15.54400 0.01000
2451655.560460 15.83000 0.01000
2451656.559410 15.55400 0.01000
2451658.536900 15.81700 0.01000
2451660.562120 15.57900 0.01200
2451663.492370 15.55600 0.00900
2451665.508550 15.54400 0.01000
2451671.504440 15.55600 0.01000
2451676.498960 15.54300 0.01100
2451684.498920 15.53600 0.01100
2451694.500520 15.55600 0.01100
